function [iiMax, nP, ZTolerance, YPattern, muFactor] = HH_12_9_328()
% ------------------------------------------------------------------------------
% 2023-01-15 Wojciech Bruzda; name[at]uj.edu.pl : name = w.bruzda
%            https://chaos.if.uj.edu.pl/~karol/hadamard/
%            https://github.com/matrix-toolbox/
% ------------------------------------------------------------------------------
% Hermitian CHM of size N = 12 with generic d = 9 and #L = 328.
% Found as a solution of "HH_12_5_1902.m" and defined as a separate pattern.
% ------------------------------------------------------------------------------
% Very slow convergence only for particular starting points.
% Example of solution:
%
%  p1 = +0.074929324033367 + 0.997188846909101i
%  p2 = +0.175899491185848 - 0.984408131315746i
%  p3 = -0.859400689284958 + 0.511302704135759i
%  p4 = +0.824887709609345 - 0.565296618188584i
%  p5 = -0.903938727842869 - 0.427661988380794i
%  p6 = -0.370126131105647 - 0.928981510619434i
%  p7 = -0.903868334508700 + 0.427810745391544i
%  p8 = -0.289211457305657 + 0.957265236474791i
%  p9 = -0.415632840686963 - 0.909532485259590i
% p10 = -0.823519633660226 + 0.567287769104999i
% p11 = -0.219732048573029 - 0.975560263043704i
% p12 = -0.173520800789326 + 0.984830204498944i
% p13 = -0.520533300997764 - 0.853841368494389i
% p14 = -0.667143670357800 + 0.744929072530750i
% p15 = +0.883916153380373 - 0.467645414596620i
% p16 = -0.617734360448701 - 0.786386838598558i
% p17 = -0.689275809708158 - 0.724499039441159i
% p18 = +0.734263987514654 - 0.678864048716001i
% p19 = +0.074765213878844 - 0.997201164657187i
% p20 = +0.973118704673872 - 0.230304117665852i
% ------------------------------------------------------------------------------

    iiMax = 40000;
    nP = 20;
    ZTolerance = 5e-13;
    YPattern = @pattern;
    muFactor = 0.005;
end

function Y = pattern(p)
    Y = [
        1    1        1        1        1        1        1        1        1        1        1        1      ;
        1    1        p(1)     p(2)     p(1)     p(3)     p(4)     p(5)     p(6)     p(2)     p(7)     p(8)   ;
        1    p(1)'    1        p(2)'    p(3)'    p(1)'    p(8)'    p(7)'    p(4)'    p(2)'    p(6)'    p(5)'  ;
        1    p(2)'    p(2)     1        p(9)     p(9)'    p(10)    p(11)    p(12)    p(13)    p(14)    p(15)  ;
        1    p(1)'    p(3)     p(9)'    1        p(3)     p(16)'   p(17)    p(18)    p(9)'    p(19)    p(20)  ;
        1    p(3)'    p(1)     p(9)     p(3)'    1        p(17)'   p(18)'   p(20)'   p(9)     p(16)    p(19)' ;
        1    p(4)'    p(8)     p(10)'   p(16)    p(17)   -1       -p(17)   -p(4)'   -p(10)'  -p(16)   -p(8)   ;
        1    p(5)'    p(7)     p(11)'   p(17)'   p(18)   -p(17)'  -1       -p(18)   -p(11)'  -p(7)    -p(5)'  ;
        1    p(6)'    p(4)     p(12)'   p(18)'   p(20)   -p(4)    -p(18)'  -1       -p(12)'  -p(6)'   -p(20)  ;
        1    p(2)'    p(2)     p(13)'   p(9)     p(9)'   -p(10)   -p(11)   -p(12)   -1       -p(14)   -p(15)  ;
        1    p(7)'    p(6)     p(14)'   p(19)'   p(16)'  -p(16)'  -p(7)'   -p(6)    -p(14)'  -1       -p(19)' ;
        1    p(8)'    p(5)     p(15)'   p(20)'   p(19)   -p(8)'   -p(5)    -p(20)'  -p(15)'  -p(19)   -1      ;
    ];
end
