# Created by Octave 5.2.0, Sat Sep 18 21:19:13 2021 CEST <ania@ania-bania>
# name: F_norm
# type: scalar
7.3379664260159068


# name: H
# type: complex matrix
# rows: 5
# columns: 5
 (1,0) (1,0) (1,0) (1,0) (1,0)
 (1,0) (1.0000103917686491,-0.0003712972495610587) (1.0000103917686491,0.0003712972495610587) (-0.29877233977520484,0.95434385678768985) (-0.29877233977520484,-0.95434385678768985)
 (1,0) (1.0000103917686491,0.0003712972495610587) (1.0000103917686491,-0.0003712972495610587) (-0.29877233977520484,-0.95434385678768985) (-0.29877233977520484,0.95434385678768985)
 (1,0) (-0.29877233977520484,0.95434385678768985) (-0.29877233977520484,-0.95434385678768985) (1.0000103917686491,-0.0003712972495610587) (1.0000103917686491,0.0003712972495610587)
 (1,0) (-0.29877233977520484,-0.95434385678768985) (-0.29877233977520484,0.95434385678768985) (1.0000103917686491,0.0003712972495610587) (1.0000103917686491,-0.0003712972495610587)


# name: argn
# type: sq_string
# elements: 1
# length: 27
exp (2j * pi * rand (1, 2))


# name: info
# type: complex matrix
# rows: 1
# columns: 4
 (2.4024662691337784,3.5404712824926854e-05) (1.3570458426517704,-4.2351365479809111e-05) (-0.19364976428232294,0.00011076929277376024) (-0.19648444356492134,3.0889903716913025e-05)


# name: is_convergent
# type: scalar
4.1496463546631581


# name: is_unimodular
# type: matrix
# rows: 1
# columns: 2
 1.0000104606987543 1.0000185538294544


# name: spectrum
# type: scalar
0.80886064050155748


# name: x
# type: complex matrix
# rows: 1
# columns: 2
 (1.0000103917686491,-0.0003712972495610587) (-0.29877233977520484,0.95434385678768985)


# name: x0
# type: complex matrix
# rows: 1
# columns: 2
 (0.99938467123394548,-0.035075331824783278) (-0.54966664540239474,0.83538409066253949)


