function Y = RH_20_171_2
% ------------------------------------------------------------------------------
% 2023-01-13 Wojciech Bruzda; name[at]uj.edu.pl : name = w.bruzda
%            https://chaos.if.uj.edu.pl/~karol/hadamard/
%            https://github.com/matrix-toolbox/
% ------------------------------------------------------------------------------
% Symmetric (Hermitian) BH(20, 2) with d = 171, #L = 2.
% ------------------------------------------------------------------------------

    Y = [
        +1 -1 -1 -1 -1 +1 -1 -1 -1 -1 +1 +1 -1 -1 +1 +1 -1 +1 +1 -1;
        -1 +1 -1 -1 -1 -1 +1 -1 -1 -1 +1 +1 +1 -1 -1 -1 +1 -1 +1 +1;
        -1 -1 +1 -1 -1 -1 -1 +1 -1 -1 -1 +1 +1 +1 -1 +1 -1 +1 -1 +1;
        -1 -1 -1 +1 -1 -1 -1 -1 +1 -1 -1 -1 +1 +1 +1 +1 +1 -1 +1 -1;
        -1 -1 -1 -1 +1 -1 -1 -1 -1 +1 +1 -1 -1 +1 +1 -1 +1 +1 -1 +1;
        -1 +1 +1 +1 +1 +1 -1 -1 -1 -1 -1 +1 -1 -1 +1 +1 +1 -1 -1 +1;
        +1 -1 +1 +1 +1 -1 +1 -1 -1 -1 +1 -1 +1 -1 -1 +1 +1 +1 -1 -1;
        +1 +1 -1 +1 +1 -1 -1 +1 -1 -1 -1 +1 -1 +1 -1 -1 +1 +1 +1 -1;
        +1 +1 +1 -1 +1 -1 -1 -1 +1 -1 -1 -1 +1 -1 +1 -1 -1 +1 +1 +1;
        +1 +1 +1 +1 -1 -1 -1 -1 -1 +1 +1 -1 -1 +1 -1 +1 -1 -1 +1 +1;
        -1 -1 +1 +1 -1 +1 -1 +1 +1 -1 +1 -1 -1 -1 -1 -1 +1 +1 +1 +1;
        -1 -1 -1 +1 +1 -1 +1 -1 +1 +1 -1 +1 -1 -1 -1 +1 -1 +1 +1 +1;
        +1 -1 -1 -1 +1 +1 -1 +1 -1 +1 -1 -1 +1 -1 -1 +1 +1 -1 +1 +1;
        +1 +1 -1 -1 -1 +1 +1 -1 +1 -1 -1 -1 -1 +1 -1 +1 +1 +1 -1 +1;
        -1 +1 +1 -1 -1 -1 +1 +1 -1 +1 -1 -1 -1 -1 +1 +1 +1 +1 +1 -1;
        -1 +1 -1 -1 +1 -1 -1 +1 +1 -1 +1 -1 -1 -1 -1 +1 -1 -1 -1 -1;
        +1 -1 +1 -1 -1 -1 -1 -1 +1 +1 -1 +1 -1 -1 -1 -1 +1 -1 -1 -1;
        -1 +1 -1 +1 -1 +1 -1 -1 -1 +1 -1 -1 +1 -1 -1 -1 -1 +1 -1 -1;
        -1 -1 +1 -1 +1 +1 +1 -1 -1 -1 -1 -1 -1 +1 -1 -1 -1 -1 +1 -1;
        +1 -1 -1 +1 -1 -1 +1 +1 -1 -1 -1 -1 -1 -1 +1 -1 -1 -1 -1 +1;
    ];

end
