function [iiMax, nP, ZTolerance, YPattern, muFactor] = SH_9_0_625()
% ------------------------------------------------------------------------------
% 2023-01-17 Wojciech Bruzda; name[at]uj.edu.pl : name = w.bruzda
%            https://chaos.if.uj.edu.pl/~karol/hadamard/
%            https://github.com/matrix-toolbox/
% ------------------------------------------------------------------------------
% Symmetric CHM of order N = 9 with generic d = 0 and #L = 625.
% Slow convergence...
% Actually, it does not find the generic solution, unless some parameters are fixed:
%
%  p(1) =  0.646710292253429 - 0.762735732671208i;
%  p(2) = -0.913427801267967 - 0.407000800823251i;
%  p(3) = -0.502622077288126 + 0.864506244871932i;
%  p(4) = -0.892453006704402 + 0.451140367096842i;
%  p(5) =  0.999882363177789 - 0.015338181313318i;
%  p(6) =  0.207780696312747 + 0.978175435307895i;
%  p(7) = -0.978321876247072 - 0.207090092608044i;
%  p(8) =  0.994928973039397 - 0.100580010970228i;
%  p(9) =  0.429568884375127 - 0.903034093252690i;
% p(10) = -0.781283349844062 + 0.624176519308794i;
% p(11) = -0.783239238570301 + 0.621720431676341i;
% p(12) =  0.406646075907747 + 0.913585775364761i;
% p(13) =  0.643394495338233 + 0.765534795661478i;
% p(14) =  0.100966345434303 - 0.994889841685823i;
% p(15) = -0.959583438343066 - 0.281424279083556i;
% p(16) = -0.587722600133333 - 0.809062510126698i;
% p(17) = -0.859870597410557 - 0.510512052461851i;
% p(18) =  0.830440092370173 - 0.557107936565454i;
% p(19) = -0.982909677414672 + 0.184088473415868i;
% p(20) =  0.824092857807015 + 0.566454730504978i;
% p(21) = -0.170977594994466 + 0.985274916969831i;
% p(22) = -0.493313526714550 - 0.869851576052175i;
% p(23) = -0.407717058338428 + 0.913108317966636i;
% p(24) =  0.216033958621760 - 0.976385850328758i;
% ------------------------------------------------------------------------------
% Other solutions:
% (d, #L) = (2, 41)
% (d, #L) = (4, 9) ---> SH_9_4_9.m
% ------------------------------------------------------------------------------

    iiMax = 40000;
    nP = 24;
    ZTolerance = 6e-13;
    YPattern = @pattern;
    muFactor = 0.003;
end

function Y = pattern(p)
    x1 = -(1+p(1)+p(2)+p(3)+p(4)+p(5)+p(6)+p(7));
    x2 = -(1+p(1)+p(2)+p(8)+p(9)+p(10)+p(11)+p(12));
    x3 = -(1+p(3)+p(8)+p(2)^2/p(14)+p(15)+p(16)+p(17)+p(18));
    x4 = -(1+p(4)+p(9)+p(2)^2/p(13)+p(15)+p(19)+p(20)+p(22));
    x5 = -(1+p(5)+p(10)+p(13)+p(16)+p(19)+p(21)+p(23));
    x6 = -(1+p(6)+p(11)+p(2)+p(17)+p(20)+p(21)+p(24));
    x7 = -(1+p(7)+p(12)+p(14)+p(18)+p(22)+p(23)+p(24));
    Y = [
        1 1     1      1            1             1             1      1      1     ;
        1 x1    p(1)   p(2)         p(3)          p(4)          p(5)   p(6)   p(7)  ;
        1 p(1)  x2     p(2)         p(8)          p(9)          p(10)  p(11)  p(12) ;
        1 p(2)  p(2)   p(2)^2       p(2)^2/p(14)  p(2)^2/p(13)  p(13)  p(2)   p(14) ;
        1 p(3)  p(8)   p(2)^2/p(14) x3            p(15)         p(16)  p(17)  p(18) ;
        1 p(4)  p(9)   p(2)^2/p(13) p(15)         x4            p(19)  p(20)  p(22) ;
        1 p(5)  p(10)  p(13)        p(16)         p(19)         x5     p(21)  p(23) ;
        1 p(6)  p(11)  p(2)         p(17)         p(20)         p(21)  x6     p(24) ;
        1 p(7)  p(12)  p(14)        p(18)         p(22)         p(23)  p(24)  x7    ;
    ];
end

