# Created by Octave 5.2.0, Sat Jun 19 09:09:21 2021 UTC <root@0x05>
# name: H
# type: complex matrix
# rows: 13
# columns: 13
 (1,0) (1,0) (1,0) (1,0) (1,0) (1,0) (1,0) (1,0) (1,0) (1,0) (1,0) (1,0) (1,0)
 (1,0) (-0.71274094919477504,0.70142735856318805) (-0.71274094919477504,-0.70142735856318805) (0.9714532782162395,-0.23723095970577182) (0.9714532782162395,0.23723095970577182) (-0.3758285529571273,-0.92668921369688539) (-0.3758285529571273,0.92668921369688539) (0.65658080032372934,-0.75425569447386409) (0.65658080032372934,0.75425569447386409) (-0.33531775323299101,0.94210509199705472) (-0.33531775323299101,-0.94210509199705472) (-0.77925868735996662,-0.6267024000065915) (-0.77925868735996662,0.6267024000065915)
 (1,0) (-0.71274094919477504,-0.70142735856318805) (-0.71274094919477504,0.70142735856318805) (0.9714532782162395,0.23723095970577182) (0.9714532782162395,-0.23723095970577182) (-0.3758285529571273,0.92668921369688539) (-0.3758285529571273,-0.92668921369688539) (0.65658080032372934,0.75425569447386409) (0.65658080032372934,-0.75425569447386409) (-0.33531775323299101,-0.94210509199705472) (-0.33531775323299101,0.94210509199705472) (-0.77925868735996662,0.6267024000065915) (-0.77925868735996662,-0.6267024000065915)
 (1,0) (0.19983111224197467,0.97983035602094681) (-0.060879690803916975,-0.99814511131779804) (0.45050998320555991,0.89277139012858497) (-0.96009631460439615,0.279669566959039) (0.94163011844659528,0.33664925372596777) (-0.65064456497329937,-0.75938241359061376) (-0.99994885436152903,0.010113785694075563) (-0.012767596859697519,-0.9999184909133485) (0.78454089922900039,-0.62007707378756671) (0.34570568353782227,-0.93834299718687464) (-0.76047810266075144,0.64936357718423321) (-0.21565076988057025,0.97647055534200178)
 (1,0) (-0.44285515777783818,-0.89659316818140322) (0.74244594634731698,-0.66990597605368241) (0.25677283132374218,-0.96647178597928507) (-0.823818349193294,-0.56685388552292371) (-0.035145241879146208,0.99938221515757242) (-0.76636948044218212,0.64240004626928526) (-0.75588878389020675,0.65470004306474916) (0.73908062414355558,0.67361697649003194) (0.11669887170605994,0.99316734407779061) (-0.6940944971471491,-0.71988389968803035) (0.55933556261191653,0.82894132988867841) (0.30818450234784395,-0.95132660664600976)
 (1,0) (0.95413389030474727,-0.29938022541899545) (-0.90895143575360549,-0.41690201179828729) (-0.9968689416189922,0.079071570336185643) (0.18012964318477925,0.9836428781047134) (-0.34622034968180865,0.93815322280862312) (0.98263092641883121,0.18557064004111595) (0.60964462388527907,-0.79267485930094739) (-0.84552918190937443,-0.53392921116910619) (-0.68169398430243056,0.73163741823793949) (0.61105072752129252,-0.79159144032493123) (0.07498720221701087,0.99718449622106797) (-0.53188170460586537,-0.84681866553918084)
 (1,0) (-0.99991761726103356,0.012835836202493013) (-0.17837276089963078,0.98396298617836386) (-0.72961923036455034,-0.68385362372531244) (0.22042312290521571,0.97540435045611329) (-0.9153813048644962,-0.4025879614501312) (-0.47872459743105356,-0.87796512448643182) (-0.36778575318032064,0.92991055470813122) (-0.071821967737340273,-0.99741746773872797) (0.2895079666799476,0.95717560417555692) (0.83232615034455104,-0.55428618912310967) (0.56088291828656356,-0.82789513344043042) (0.83464263533973682,0.55079185839402089)
 (1,0) (0.57495532259304594,-0.81818480615440825) (-0.28675274681068158,0.95800462535236708) (-0.88545450148379423,-0.46472607609438649) (-0.45537268595317099,-0.89030091367345832) (0.4664261952325745,-0.88456011915576671) (0.10236464188965602,0.99474694274011344) (0.069698736537606873,0.99756808595958069) (-0.4081203336900584,0.91292814242344145) (0.78185428472421181,-0.62346120766122348) (0.95619308320709662,-0.29273672066706363) (-0.99501425544650246,-0.099732800312847258) (-0.9531160827011842,0.30260491221450697)
 (1,0) (-0.97078454195955344,-0.23995285597879454) (0.69930838270535733,-0.71482010735430312) (-0.86282383336623636,-0.50550473051712697) (0.99059685067761249,0.13681330135478764) (0.99814087744738789,0.060949067003183366) (0.9987907442667312,0.04916349425243461) (-0.99975575252772086,-0.022100572113196323) (-0.96605973031812953,0.25831879036892158) (-0.9593207947980037,-0.28231828256088276) (-0.51483485351863845,0.85728937565004393) (-0.99479912145604921,-0.10185631031150032) (0.87624588087310895,0.48186425085589135)
 (1,0) (0.74415292913830933,0.66800929488658645) (0.97708653483106267,0.21284243808936845) (0.63007302715695301,0.77653588484323988) (-0.48670668661696825,-0.87356545330177304) (-0.76528317058217421,-0.64369376944607348) (0.99861558301854481,0.05260149572523435) (-0.36198591086343718,0.93218356579397366) (-0.66270103539508818,-0.74888406157847831) (-0.87708383799597311,0.48033732014726238) (-0.99407165256522623,0.10872694958583233) (0.66401254191683823,-0.74772143487875153) (-0.99242475459315393,-0.12285400469955494)
 (1,0) (0.99582799179478998,0.091250264426771033) (-0.56865900723717366,0.8225733605509189) (-0.89158912892179187,0.45284525523458941) (-0.9814321241184184,-0.19180976447618467) (0.98294780759977995,0.18388476700038503) (-0.89779084353012562,-0.44042207173740228) (0.68526732373779808,-0.72829162772699496) (0.96466589836210992,0.26347619349235968) (-0.97337793552661855,0.22920600914883968) (-0.90433057130228811,0.42683277499282685) (-0.16358257576427415,-0.98652964522427078) (0.99980143363379614,0.019927200099511551)
 (1,0) (0.38275166607906141,0.92385126622942004) (0.98468467936471837,0.17434472238757864) (-0.55646510202492072,-0.83087098290191519) (0.065407928156533124,0.99785860868876097) (-0.68013703470904729,-0.73308499781211189) (-0.62500935831702287,-0.78061725705760776) (-0.3010537749068084,-0.95360716472474172) (-0.014197643665360261,0.99989920837770019) (0.57266052864776595,-0.8197926072665338) (-0.38328462403250929,0.92363028154140658) (0.68591867949148089,0.72767820162807073) (-0.85694416196665035,-0.51540925803799387)
 (1,0) (-0.96586724110578281,-0.2590375890844871) (-0.94738608378211986,-0.32009312434974002) (0.40374374518710449,0.9148721157748172) (-0.72788119083807301,-0.68570326820290772) (-0.99078279489590115,0.13546015406113568) (-0.044028239112774467,0.99903028690857432) (0.0093388793261724497,-0.99995639171562434) (-0.96959835797632177,0.2447019088802142) (0.70355477162024938,-0.71064103690286473) (0.4594182934645526,0.88822003559372509) (0.96085237667871126,-0.27706084211030596) (0.99978728414549056,0.020624899053911846)


# name: N
# type: scalar
13


