# Created by Octave 5.1.0, Tue Jun 15 13:10:26 2021 GMT <unknown@Ola>
# name: H
# type: complex matrix
# rows: 11
# columns: 11
 (1,0) (1,0) (1,0) (1,0) (1,0) (1,0) (1,0) (1,0) (1,0) (1,0) (1,0)
 (1,0) (0.13565482296051323,-0.99075616021680724) (0.13565482296051323,0.99075616021680724) (0.9689189193653992,-0.2473785109822334) (0.9689189193653992,0.2473785109822334) (-0.5734631129545984,-0.81923138250461425) (-0.5734631129545984,0.81923138250461425) (-0.02128252191679901,0.99977350147964061) (-0.02128252191679901,-0.99977350147964061) (-0.98672574830014614,0.16239549760235553) (-0.98672574830014614,-0.16239549760235553)
 (1,0) (0.13565482296051323,0.99075616021680724) (0.13565482296051323,-0.99075616021680724) (0.9689189193653992,0.2473785109822334) (0.9689189193653992,-0.2473785109822334) (-0.5734631129545984,0.81923138250461425) (-0.5734631129545984,-0.81923138250461425) (-0.02128252191679901,-0.99977350147964061) (-0.02128252191679901,0.99977350147964061) (-0.98672574830014614,-0.16239549760235553) (-0.98672574830014614,0.16239549760235553)
 (1,0) (-0.83350283195707831,-0.5525151845148969) (-0.83354920620525508,0.5524452197590175) (0.23505243689569805,0.9719826911573034) (0.23754456456283587,-0.97137664160028714) (-0.64324973636685656,-0.76565643513521753) (-0.64525570110023522,0.76396667479520597) (-0.27055450136825326,-0.96270465969027896) (-0.26841954475466362,0.96330210629568291) (0.99832253721674558,0.057897423821096604) (0.99841841429416478,-0.056219836342038816)
 (1,0) (-0.44798468432161975,-0.89404123093583254) (0.52750341019032232,-0.84955291314760406) (-0.73776442488380545,-0.67505825924572449) (0.049075210015459877,0.9987950859720619) (0.99418498084102802,0.10768576447295485) (0.20206478004780934,0.9793721584077375) (-0.99829942122098325,-0.058294644606942843) (-0.21976418540111098,0.97555302409196909) (0.65685345529941286,-0.75401826122529825) (-0.98568230383318012,0.16861315461764648)
 (1,0) (0.52955100711509773,0.84827809759735384) (-0.44086669997899547,0.89757258918130423) (0.046111018557002177,-0.99893632127760568) (-0.73836311985486813,0.67440336834730119) (0.19748727841555921,-0.98030544977777989) (0.99340753826892969,-0.11463621988911263) (-0.22730671265159849,-0.97382321721322895) (-0.99812483978891253,0.061211144380395544) (-0.98681746960414429,-0.1618372073537907) (0.66240219180442939,0.74914840738847466)
 (1,0) (-0.8334610902456796,0.55257814926622206) (-0.83335393557449777,-0.5527397380888186) (0.23845076586614303,-0.97115458720939474) (0.23500239122236657,0.97199479222872887) (-0.64309971905530938,0.76578244387749073) (-0.64808655383643354,-0.76156668699229191) (-0.26546006368211472,0.96412185671204842) (-0.27117283680539583,-0.96253067098088574) (0.99820020719260261,-0.059969545276292273) (0.99836642041194756,0.057135720821866666)
 (1,0) (-0.44654980281329393,0.89475877956430716) (0.53077491334265314,0.84751282666759631) (-0.73927394279521763,0.67340480953436421) (0.047772413605164599,-0.99885824644858245) (0.99425012865282847,-0.10708259276761098) (0.19290454156946413,-0.9812175282993445) (-0.99794117675317129,0.064135853783167232) (-0.22307496441415989,-0.97480129270104132) (0.66133570657009455,0.75009005007094565) (-0.9862508146467206,-0.16525534971274008)
 (1,0) (0.13063529763581494,0.9914304912658285) (0.11905889195136993,-0.99288719411991211) (-0.99106870357218479,-0.133352258322643) (-0.99008059972524753,0.14050055532877476) (-0.46167848198205269,-0.88704733767412181) (-0.44907328493527449,0.89349492710224254) (0.99865709570598304,0.051807385536147638) (0.99808088243382331,-0.061923760545695032) (-0.19044912742671205,0.9816970662390736) (-0.20240028766634735,-0.97930287631180779)
 (1,0) (0.12436858615011061,-0.99223608822649789) (0.12765616316958678,0.99181848339543455) (-0.99057904132065722,0.13694218815342352) (-0.99036629898977202,-0.13847235762166216) (-0.45509732031854405,0.89044170445845616) (-0.46031197794865952,-0.88775722072928964) (0.99833052140995659,-0.057759588133263623) (0.99829684137617813,0.058338807824172979) (-0.19849948329747263,-0.98010099231183134) (-0.19233916125769576,0.9813285112777913)
 (1,0) (0.52638018061137237,-0.85024931958781302) (-0.44949724842163868,-0.89328171573215109) (0.050418858566190487,0.99872816056266411) (-0.73795647630969141,-0.67484830819420727) (0.20342805966747785,0.97908989604628494) (0.9943285587250047,0.10635185613732823) (-0.21979123377363233,0.97554693047349827) (-0.99844291562286958,-0.055783010339199801) (-0.98598057278008322,0.16686015132517126) (0.65612356201509037,-0.75465347767609869)


# name: N
# type: scalar
11


# name: P
# type: matrix
# rows: 11
# columns: 11
 0 0 0 0 0 0 0 0 0 0 0
 0 0.7717546315063053 -0.7717546315063053 -0.039712200359430135 0.039712200359430135 0.65293205098599605 -0.65293205098599605 0.25340427456211218 -0.25340427456211218 0.47402732551077681 -0.47402732551077681
 0 -0.7717546315063053 0.7717546315063053 0.039712200359430135 -0.039712200359430135 -0.65293205098599605 0.65293205098599605 -0.25340427456211218 0.25340427456211218 -0.47402732551077681 0.47402732551077681
 0 0.59321438965385132 0.40676071616400439 0.21209889956248498 1.7880616591920879 1.6386743617114368 1.361524914411163 0.70635910003147218 0.29326776856317455 1.0091171894597692 0.99091734024632483
 0 0.67603174208830596 0.83836855677192923 -0.3820879934961654 0.24209509790155598 0.017052065696570542 0.21771583992021437 0.50928225062059163 1.2852079651618387 0.86396039017199433 1.4729811744349861
 0 1.161306782452499 0.32272059585271673 0.75741988670362437 0.38209986624229036 0.7815217010336899 -0.018195454209952059 0.71338883774880268 0.49029021550782914 1.5257631766715138 0.13487358651965498
 0 0.40679378985819464 0.59322226404513223 0.78824501040529582 0.21234131708293763 0.36108451259368546 0.63792466613494825 0.29268318066930349 0.70632704690942583 0.99059671795883142 1.0089545298845846
 0 0.32361226161238993 0.16097125391140144 0.38232281362803633 0.75773559305351279 -0.017010852266086358 0.78096019144759721 -0.5100936498788089 0.71424546161966251 0.13511704390175824 0.5264749572074725
 0 0.22902727813936447 0.76892962049831193 0.52130259500843279 0.47760211890233367 0.67361007492466018 0.32414502482614432 0.0082336408583481343 -0.0099987372732111661 0.28039474004076015 -0.28245282223450791
 0 0.76988945577217638 0.22956375418902766 0.47816634549586667 0.52200609509572304 0.32511536646557526 0.67380318892511559 0.99066359930694303 0.0093532193110772762 0.7180505452567415 0.28076755482226895
 0 0.83827741723402693 0.67590739802023092 0.24207591771269324 0.61790654069469619 1.2175241510933277 0.016955049107117853 0.28536123918873763 1.508924082569022 0.47335045450142588 0.86396781140765366


# name: RESTORE_F
# type: matrix
# rows: 1
# columns: 5
 0.7717546315063053 -0.039712200359430135 0.65293205098599605 0.25340427456211218 0.47402732551077681


