# Created by Octave 5.1.0, Fri Sep 17 16:26:39 2021 GMT <unknown@Ola>
# name: F_norm
# type: scalar
2.7661687217832507e-13


# name: H
# type: complex matrix
# rows: 41
# columns: 41
 (1,0) (1.0000000000000004,-1.110223024625157e-16) (1.0000000000000004,-2.4651903288156619e-32) (1,-5.5511151231257839e-17) (1,-5.5511151231257839e-17) (1.0000000000000002,-5.5511151231257852e-17) (1.0000000000000002,-4.8572257327350623e-17) (1.0000000000000004,-2.7755575615628944e-17) (1.0000000000000002,-2.7755575615628932e-17) (1.0000000000000002,-5.5511151231257852e-17) (1,-2.775557561562892e-17) (1,-8.3266726846886765e-17) (1.0000000000000002,-1.110223024625157e-16) (1.0000000000000002,-5.5511151231257852e-17) (1.0000000000000002,-5.5511151231257852e-17) (1.0000000000000002,-1.2325951644078309e-32) (1.0000000000000002,-5.5511151231257852e-17) (1.0000000000000002,-5.5511151231257852e-17) (1,-5.5511151231257839e-17) (1,-8.3266726846886765e-17) (1.0000000000000002,-5.5511151231257852e-17) (1.0000000000000002,-5.5511151231257852e-17) (1.0000000000000002,-5.5511151231257852e-17) (1.0000000000000002,-1.110223024625157e-16) (1.0000000000000002,-5.5511151231257852e-17) (1.0000000000000002,-1.2325951644078309e-32) (1.0000000000000002,-5.5511151231257852e-17) (1.0000000000000002,-5.5511151231257852e-17) (1.0000000000000002,-5.5511151231257852e-17) (1,-5.5511151231257839e-17) (1.0000000000000002,-2.7755575615628932e-17) (1.0000000000000002,-1.110223024625157e-16) (1.0000000000000002,-5.5511151231257852e-17) (1,-5.5511151231257839e-17) (1.0000000000000004,-2.4651903288156619e-32) (1.0000000000000004,-5.5511151231257864e-17) (1.0000000000000002,-5.5511151231257852e-17) (1.0000000000000002,5.5511151231257827e-17) (1,-5.5511151231257839e-17) (1.0000000000000002,-1.2325951644078309e-32) (1.0000000000000002,-5.5511151231257852e-17)
 (1,0) (0.49297545081056604,-0.87004322013226465) (-0.20395007921911623,-0.97898128949766794) (0.74501439575236117,-0.66704838664203725) (-0.66231407642839268,-0.74922631037945009) (-0.78433333960820151,0.62033959439894448) (-0.75396379577753558,-0.65691597229533927) (-0.57120247557298753,-0.82080919335695268) (-0.69224218434433515,0.72166526742956383) (-0.52219865117540509,-0.85282387906917068) (0.94444738386438232,0.32866265244430115) (0.91780533019042099,0.39703069890633508) (-0.0028086896889765178,0.99999605562333671) (0.86246497226159691,-0.50611675690674662) (0.99630174173774366,0.085923450875406149) (-0.99661323821079628,0.082231705704012892) (0.84369669153108173,-0.53682016793289988) (-0.75430498419721004,0.65652417382397033) (0.15240253089875228,0.98831850563249801) (0.9767580287588491,-0.21434493988692194) (0.83819832471713518,-0.54536553653617292) (0.16624409968326603,0.98608463091182053) (-0.12183995147659565,-0.99254976007461782) (-0.092097850833724237,0.99574996152237427) (-0.88941154323047888,-0.45710732521846226) (-0.70568869516471133,0.70852202895656502) (-0.69229902074416672,0.72161074401415903) (-0.07924881210111151,0.99685486695935943) (-0.56292211603374542,-0.82650994626809604) (0.97493669432767616,-0.22248245336076405) (-0.92195262202495187,0.38730267587678219) (0.45379379939010078,-0.8911067206766522) (0.32707541718295302,-0.94499823887380696) (-0.9702909334151939,-0.24194111790324574) (-0.96430447959724952,0.26479590372337358) (0.9991850704649643,-0.040363287278471049) (-0.82396318622744336,0.5666433338017135) (0.25076671971512265,0.96804754649930103) (0.49637912215934871,0.86810585016132391) (0.85175798264344837,0.52393543400228448) (-0.52225303101744058,-0.85279057897768595)
 (1,0) (0.48450673802919664,0.8747875289487772) (0.75758543552350188,-0.65273601699512951) (0.92636959584066925,-0.37661568196504353) (0.61795897020428925,-0.78621034789937272) (-0.66478674654762149,0.74703318642121075) (-0.56219385528483956,0.82700548310151423) (-0.79106905992378773,-0.61172685279566907) (-0.64888039702008571,0.76089041941862789) (-0.69228820042120542,0.72162112466138884) (0.94442642454325465,0.32872287511586717) (-0.96156807543423195,0.27456663363509071) (-0.57304572640902429,-0.81952339530019136) (-0.99976622886301847,-0.021621462138763869) (-0.1046520107279782,0.99450890224803401) (0.52540891393446243,-0.85084985347487008) (-0.099333450468674311,-0.99505420235180508) (-0.66938031510875506,-0.74291991072046448) (0.94932677283969125,-0.31429075450890243) (-0.98375928040274552,-0.17949283612855202) (0.24096061922089912,0.97053489374915325) (-0.98117265475646898,0.19313265274971525) (-0.25739732305972457,0.96630565458434936) (-0.49651203560600499,0.86802983733186367) (0.43886656805950247,0.89855224413479329) (-0.23462157654676075,0.97208678409837002) (0.86444082008781487,0.50273459058026415) (0.98432288707125326,-0.17637588833996287) (-0.030900801807778766,0.99952245619977687) (0.96302396697553605,-0.26941573641994698) (-0.072509668796691462,-0.99736770948882947) (-0.81224557254317298,-0.58331563487018911) (0.97653045414271489,-0.21537936793439927) (-0.42931351294460879,-0.90315552791485398) (-0.50196081395302572,0.86489036371994366) (0.23879450357113621,-0.97107012365957068) (-0.093174454707864118,-0.99564979836782552) (0.95342327131596205,-0.30163565060046921) (-0.22155050026052747,-0.97514889931451432) (-0.83562166240873681,-0.5493054135116977) (0.85175798264344804,0.52393543400228415)
 (0.99999999999999989,-5.5511151231257827e-17) (-0.035950696665591031,-0.99935356476537396) (0.30328791388829079,-0.95289896698930798) (-0.40967585665860257,-0.91223116175180152) (-0.99588849610555219,0.090587545085520138) (0.52651520351827896,0.85016571353125381) (0.77862059946924755,-0.62749498968688955) (0.84597851921383671,-0.53321697743860863) (0.76521053943252759,-0.64378011024058568) (0.92308130839151104,-0.38460485969136743) (-0.52104736663881557,0.85352776271118169) (0.9816692651476121,0.19059237619733688) (-0.73576466159843745,-0.6772373016476112) (-0.99262039979326988,0.12126311027781872) (-0.90312136548246025,0.42938537377173941) (-0.50462320185195386,-0.86333969221430007) (-0.53535905195322875,-0.84462458257603434) (0.9793384424628333,0.2022281264178466) (0.13256704744490833,-0.9911740401825192) (0.46497019856965471,-0.8853263321748065) (-0.58345572587791261,0.81214494761728218) (-0.57201184071728328,0.82024536211991272) (0.76301328119692002,0.64638280663791681) (-0.98028285387012848,0.19759940892684486) (0.42851737547915336,-0.90353354055754842) (-0.97536934851646462,0.22057795441650058) (-0.90043203698533625,-0.43499672041342818) (-0.054599346712692065,0.99850834314919323) (-0.97035255093123707,-0.2416938702185899) (0.6779123175578271,0.73514276824530911) (-0.34180896989257908,0.93976945476056806) (-0.98831526710209161,0.1524235310341629) (-0.39360247495684775,0.91928074694722239) (-0.86573505625883951,0.50050255979815361) (0.95306092815850674,0.30277857787110102) (0.065926778971455435,0.99782446342753595) (0.79119885835945958,0.61155896406698884) (0.62298235138557656,-0.78223589144330241) (0.9813370180229033,0.19229575413387673) (-0.22155050026052747,-0.97514889931451421) (0.49637912215934865,0.86810585016132358)
