# Created by Octave 5.2.0, Fri Sep 17 14:33:48 2021 UTC <root@0x00>
# name: F_norm
# type: scalar
1.1899046884347186e-13


# name: H
# type: complex matrix
# rows: 33
# columns: 33
 (1,0) (1,0) (1,2.7755575615628914e-17) (1,-6.9388939039072284e-18) (1,5.5511151231257827e-17) (1,0) (1,0) (1,0) (1,0) (1,0) (0.99999999999999989,0) (1,-5.5511151231257827e-17) (1.0000000000000002,0) (1,-1.1102230246251565e-16) (1,5.5511151231257827e-17) (1,-5.5511151231257827e-17) (1,0) (0.99999999999999989,0) (1,-5.5511151231257827e-17) (1,0) (1,0) (0.99999999999999989,5.5511151231257827e-17) (1,-5.5511151231257827e-17) (1,5.5511151231257827e-17) (1,2.7755575615628914e-17) (1,0) (0.99999999999999989,0) (1,0) (1,0) (1,0) (1,0) (1,1.3877787807814457e-17) (1,0)
 (1,0) (-0.35450966335040029,-0.93505235072223947) (-0.6241022072434832,0.78134271284361079) (0.59425676421885754,-0.80427538702867984) (-0.066315506118539813,0.99779870397201975) (-0.63502236982308524,0.77249374743377275) (0.9305399692028623,0.366190340828286) (0.11056977504862964,0.99386836394247691) (0.48321804343582098,-0.875500041403801) (-0.45506875434029975,0.89045630371353335) (-0.28085270675880547,-0.95975088283692278) (0.96902983811568433,-0.24694366329487144) (0.69449311621551901,-0.71949934783101621) (0.2114588861879024,-0.97738689343175267) (0.1202862644431304,0.99273924803359981) (-0.70622858443133252,0.70798388861055039) (0.76301199822926202,0.64638432109557631) (0.9819852204446613,-0.18895773820685768) (-0.69002865038699623,-0.72378205396728434) (-0.99973377575271849,-0.023073309671844233) (0.85249866655138662,0.52272939799489837) (-0.9037644262124378,0.42803021144879799) (-0.32237559437935431,0.94661184027486034) (-0.91168090779890065,-0.41089891987564814) (-0.15879527282951506,-0.98731153205409217) (-0.017735243379354559,-0.99984271820235582) (-0.96854266213635321,-0.24884756704019928) (-0.81284185076564019,-0.58248444240502151) (0.99368723042751816,0.11218595315496849) (-0.072050472392412745,-0.99740098728045701) (-0.4184886898784016,0.90822200834589972) (-0.24119114872612213,0.97047762971444862) (0.93429271418291771,-0.35650683615425532)
 (1,0) (0.0021367596188668347,-0.99999771712655994) (0.78000737274260024,0.62577032405443034) (-0.10386558418248137,0.99459134342826039) (0.48255063763971312,0.8758680734639811) (-0.43664704212625549,-0.89963290324575906) (-0.98974714347025738,0.14283064094397474) (-0.58804669915902963,0.80882697754721944) (0.72617340676012743,0.68751158776735577) (0.22748468002960071,0.97378165948626816) (0.85132357856942487,0.52464098636281631) (-0.16886798165680361,-0.98563867860953913) (0.77246690689666841,-0.63505501946641907) (-0.22358147034529738,-0.97468524463964001) (0.89737346590587885,0.44127186935954882) (-0.51644239710869055,-0.85632193155882042) (-0.96085532459632039,-0.2770506184705237) (0.63925911105857702,0.76899141017868278) (-0.55395138183302173,-0.83254901751505739) (0.36527378818058648,0.93090013410043249) (-0.59168318608942061,-0.80617058201045277) (-0.89054079036127987,-0.45490339711053751) (0.24784213854499348,-0.96880043061584331) (0.89844020803692859,-0.43909588085355777) (-0.58792874141750517,0.80891272397906377) (-0.98250687117327451,-0.18622633567060731) (-0.56322240725434169,0.82630534305825776) (0.32687769940522754,0.945066648248443) (-0.45472683600399744,-0.89063095871286324) (0.39386806179826517,-0.91916698694811594) (0.74903361734268348,0.66253199174872668) (-0.50630642702604345,-0.86235364088761324) (-0.24119114872612196,0.9704776297144484)
 (0.99999999999999989,0) (-0.82194279604984766,0.56957004838892089) (0.41916522658735322,-0.90790996955643821) (-0.48111787092733643,-0.87665591555315814) (0.073110303509227384,0.99732386090015313) (0.059085646853236716,0.99825291701849495) (-0.94906237899103851,0.31508824285249154) (-0.87867806671535631,0.4774147621024763) (0.77667843351836141,-0.62989730187345927) (0.55126797129453442,0.83432824704956965) (-0.68730288861737621,-0.72637093781222417) (0.059140803652764695,-0.99824965081051009) (-0.34706623629572358,0.93784061952099329) (-0.75272455385329973,0.65833558769547784) (-0.55607739405359191,-0.8311305143132246) (0.54233755864303723,0.84016068253942311) (-0.99652022927390305,0.083351260625660811) (0.15237460992018495,0.98832281075146289) (-0.99183706793673387,0.12751168835312171) (0.69121984761163158,-0.72264453382541594) (0.99772473042612375,-0.067419302103463571) (0.24909534469585806,-0.96847896686032919) (-0.84889312625208591,-0.52856452794522613) (0.90884103868897725,0.41714262116779827) (-0.65421245338522482,0.75631082620552548) (0.35897240511243111,-0.93334817317429675) (0.19397946379973377,-0.98100559000648235) (-0.55995137647119564,-0.82852547093496975) (0.8941942007724264,-0.44767927281141978) (0.70878298159588116,0.7054265978824813) (0.55887094467666942,-0.82925464556805883) (0.74903361734268348,0.66253199174872657) (-0.41848868987840143,0.9082220083458995)
 (1,0) (-0.70087683931676448,0.7132823116475987) (-0.9345580632550361,0.35581066089283486) (-0.59485580877053579,0.80383242455872062) (-0.76261478740920607,-0.64685290911057269) (-0.18206017453809825,0.98328739076994032) (0.9932808077689671,-0.1157291532753448) (-0.65006481030921126,0.75987876822401756) (0.91097103873255703,-0.41247032207242063) (0.80164631982061263,-0.59779860983283306) (-0.9636507724215484,-0.26716509654397819) (-0.13134077217257642,0.99133727941862038) (-0.38490957781744517,0.9229542875486284) (0.13531143729969636,-0.99080311613149996) (-0.29535971454309978,0.95538612038537496) (-0.23506202245075958,-0.97198037305357032) (0.95469553057811296,-0.29758434752885643) (0.6482846549921798,0.76139806021664569) (-0.9749018550975922,-0.22263506670620048) (-0.51118679804198652,-0.85946963733897064) (-0.6360371159632312,-0.77165846533111815) (0.80847909462285694,0.58852489629395) (0.14766145514416285,-0.98903796421811174) (0.52146577382168757,-0.85327219967168166) (-0.98707517950997181,0.16025788590692275) (0.26058108055495527,-0.96545196693404267) (0.98258939218253127,0.18579043670319711) (0.92671644767820638,0.37576139450811763) (-0.61083215496799859,0.79176011421209613) (-0.5668971576131997,0.8237885728086275) (0.70878298159588149,0.70542659788248163) (0.39386806179826522,-0.91916698694811616) (-0.072050472392412579,-0.99740098728045712)
 (1,-5.5511151231257827e-17) (0.9581647264813451,-0.2862173246449784) (0.99884460313237999,-0.048056828789653228) (-0.94118604903865011,-0.337888770300249) (0.70011848585839331,-0.71402668420679494) (0.10699024900387083,0.99426006991032756) (-0.80796513112130863,-0.58923030038527946) (-0.98806204979740087,0.15405643689946175) (-0.95918597966873731,0.28277598272647708) (-0.99288049486136498,-0.11911474687817059) (0.65748397791290314,-0.7534685254128568) (0.092903817014451939,-0.9956750879599956) (-0.82576063781493825,0.56402071684953736) (-0.62901862297359068,0.77739023144905017) (-0.087151800955628911,0.99619504294600358) (0.91523949871413834,-0.40291023813436611) (0.85890595012843551,0.51213335063630483) (0.40789655826619325,0.91302814729590587) (0.98454296072903169,0.17514325130850056) (-0.31428638914485341,0.94932821805647893) (0.99633878323693537,0.085492859455885861) (-0.48926377249662317,0.87213586150460098) (-0.51517540525526151,-0.85708476933152622) (-0.79984692382577993,-0.60020404734259902) (0.44503246355459258,-0.89551443672479669) (-0.9943262446463752,0.10637348921341311) (-0.83248016308282513,-0.5540548511416471) (0.77122992250712907,-0.63655667982485942) (-0.53942477208440853,0.84203379698304437) (-0.61083215496799825,0.79176011421209591) (0.8941942007724264,-0.44767927281141984) (-0.45472683600399744,-0.89063095871286313) (0.99368723042751783,0.11218595315496843)
