# Created by Octave 5.2.0, Fri Sep 17 22:07:18 2021 CEST <ania@ania-bania>
# name: F_norm
# type: scalar
2.7984700388672858e-13


# name: H
# type: complex matrix
# rows: 46
# columns: 46
 (1,0) (1,2.7755575615628914e-17) (1,2.7755575615628914e-17) (1,2.7755575615628914e-17) (0.99999999999999989,8.3266726846886741e-17) (0.99999999999999989,2.775557561562891e-17) (1,2.7755575615628914e-17) (0.99999999999999978,2.7755575615628907e-17) (1,2.7755575615628914e-17) (1,2.7755575615628914e-17) (1,2.7755575615628914e-17) (1,8.3266726846886741e-17) (1,8.3266726846886741e-17) (1,2.7755575615628914e-17) (1,2.7755575615628914e-17) (1,-8.3266726846886741e-17) (1,-2.7755575615628914e-17) (1,8.3266726846886741e-17) (0.99999999999999989,4.163336342344337e-17) (1,8.3266726846886741e-17) (1,5.5511151231257827e-17) (1,2.7755575615628914e-17) (0.99999999999999989,4.163336342344337e-17) (1.0000000000000002,2.775557561562892e-17) (1,5.5511151231257827e-17) (1,8.3266726846886741e-17) (1,2.7755575615628914e-17) (1,2.7755575615628914e-17) (1,2.7755575615628914e-17) (1,8.3266726846886741e-17) (1,3.4694469519536142e-17) (1,2.7755575615628914e-17) (1.0000000000000002,3.4694469519536148e-17) (1,-2.7755575615628914e-17) (1,-2.7755575615628914e-17) (1,-2.7755575615628914e-17) (1,2.7755575615628914e-17) (0.99999999999999989,2.775557561562891e-17) (1,8.3266726846886741e-17) (1,-2.7755575615628914e-17) (1,2.7755575615628914e-17) (1,4.163336342344337e-17) (0.99999999999999989,-2.7755575615628914e-17) (1,2.7755575615628914e-17) (1,8.3266726846886741e-17) (1,2.7755575615628914e-17)
 (0.99999999999999989,0) (0.90701743503392041,-0.42109306874429681) (0.22617751232209948,-0.97408610138929075) (-0.15640670476051288,0.98769273699160021) (0.18995419681023806,0.98179295328199323) (0.7022762851546509,-0.71190450153751927) (0.90317593728107581,0.42927057471535501) (-0.9963873000301553,-0.084925545854103529) (-0.49104453508316265,-0.87113446985236487) (0.35424700885198979,-0.93515188965184681) (-0.99907452921672013,-0.043012615247025182) (-0.76338591956655433,-0.6459426737780436) (0.95853328420282435,-0.28498060122637742) (0.87891233525186119,-0.47698334031926221) (-0.97296738002340466,0.23094258466205864) (0.64510251829923615,0.76409602857493275) (-0.68971006862181083,0.72408564496314787) (0.99967267369893797,0.025584086061795783) (0.86350545870261752,0.50433949160340674) (0.87289830495464338,0.48790219225507836) (-0.96015362786600855,0.27947273730319871) (-0.9561772716394128,-0.29278836247400453) (-0.43449816189264528,-0.90067271931146764) (-0.95225624844130152,-0.30529991369880577) (-0.98438415054001915,0.17603364498187676) (0.1342882787232339,0.99094230820848073) (-0.090537100880205862,-0.99589308329971316) (0.38671690542475357,0.92219847921079467) (-0.56220119346891173,0.82700049459606262) (-0.63020891704118032,-0.77642560550369755) (-0.97380756069944685,0.22737377756591437) (0.30028486702013552,0.95384956813886546) (0.89897609654234989,0.43799769159834678) (-0.82396069692161,0.56664695351555139) (-0.17127560750776474,0.98522315557078077) (-0.95267194010211997,0.30400028707562621) (0.95096397618006878,-0.30930165859205083) (-0.99999618043851779,-0.00276389369857441) (-0.48447706296949411,0.874803964015055) (0.20166733000324449,-0.97945407651883387) (0.73948821152087885,-0.67316950690123578) (-0.037229899588812183,0.99930672697456013) (0.77785190169667029,-0.62844762631970696) (0.67139674137302496,-0.74109811474168763) (-0.23645695741845946,-0.97164196455711271) (0.7561617556697765,-0.65438474864746243)
 (1,5.5511151231257827e-17) (0.96140877804577074,0.27512390208147641) (0.48544341492057641,-0.87426808869490968) (0.45486837867542085,0.89055867750597673) (-0.77800972051210038,-0.62825223818836007) (0.26668633532892416,0.96378337739806907) (0.93417826021843986,0.35680663970174248) (-0.32282679417966309,-0.94645806085620154) (-0.28126133066708592,0.95963121243078564) (-0.84609030451035283,-0.53303958259549489) (-0.89944735246183716,0.43702912963484686) (0.11190934372508821,0.99371842027156787) (-0.42969622692865622,-0.90297350601403437) (0.99734857676742594,-0.072772360274969305) (-0.99985725078157117,0.016896095984538728) (-0.2190445252325175,-0.97571486406924279) (-0.71560965519432196,-0.69850040901395638) (-0.99749810706477171,0.070693184977033918) (0.29859856197956336,0.9543788025641271) (-0.17988948552705125,0.98368682668663077) (-0.58994255717509225,-0.80744521748147913) (0.74699519597517239,0.66482943465975808) (-0.53205804713269489,0.84670788025230026) (-0.54311374650009225,0.83965913224512356) (0.66248399098245825,0.74907607203270998) (0.39099993840529734,-0.92039070408552792) (0.88326660854373484,0.46887108914034115) (0.97465143581388936,0.22372880607093204) (-0.61110151639443755,-0.791552232427159) (0.80885652613882142,0.58800605449488219) (0.19654559561974116,0.9804946857798269) (0.17804310481239283,-0.98402268918392499) (-0.75898156185046339,0.65111211689772108) (-0.84495884409820321,-0.53483133021563767) (0.27929732913679634,-0.96020466669197813) (0.5451802148034266,-0.83831887333334543) (-0.99595082607724184,-0.08989967761932538) (-0.92040782258988685,-0.39095964000820377) (0.93974986059861765,-0.34186283726793154) (0.1480561025495053,0.98897896362756343) (0.17700450343451485,-0.98421004148702929) (-0.012120338829628707,0.99992654599558262) (-0.070991542713061295,0.99747691745885536) (0.69606680227707884,-0.71797702384391215) (-0.35232434491346526,-0.93587795998265566) (-0.23645695741845946,-0.97164196455711305)
 (1,0) (0.19468111356247561,0.98086658828918982) (0.7346890903581671,0.67840396557559202) (-0.78496496919173153,0.61954014974158444) (-0.41197649905289718,-0.91119447113561802) (0.1254844220850817,-0.99209559005872672) (-0.9161416505813349,-0.40085468198601309) (0.63545143123991588,-0.77214084112624304) (-0.56735090072015493,-0.82347614139817582) (-0.77450662227831013,0.63256580056705813) (-0.74726227562231529,0.6645292254158266) (-0.4694627904838361,0.88295225711877023) (-0.98684002788458558,0.16169959605623552) (0.76312728651445805,-0.6462482066335512) (-0.067114827506368935,-0.99774525803372782) (0.88730108565248123,-0.46119061503886699) (-0.70254768374392684,0.71163667138930053) (0.86118908151560603,-0.50828472914136136) (0.64160004718393404,-0.76703935978121351) (-0.90253370420173673,-0.43061922017008558) (0.99071914506290493,0.13592488957445281) (-0.99547872149766203,0.094984814814685015) (0.86955184785630901,0.49384165872238694) (0.44466106960701512,0.89569890765588489) (0.80453567575947726,0.59390432430673656) (-0.58112258188994792,-0.81381603868291996) (0.52249479892969686,-0.85264247201943721) (-0.94615208802785511,-0.32372245260489835) (-0.48764906653862683,-0.8730397401630734) (-0.89145938442644868,-0.45310061346020813) (0.59553325370826482,-0.80333065653418689) (-0.26104739362743506,-0.96532598549936643) (0.64399661177988587,0.76502834196912439) (0.8785231289658153,0.47769981355670776) (0.56104376451048088,0.82778614043961163) (-0.97742414171757042,-0.21128664696963434) (0.87716836957484645,0.48018293536672563) (-0.32546445608280244,0.94555427545261828) (0.41199211828395871,0.91118740908327822) (0.99568982231166459,0.0927457694181546) (-0.7970684694059299,0.60388894266983162) (-0.43847246846673488,0.89874462134506694) (-0.90949965152386858,0.41570468349293621) (-0.86535633364046272,0.50115707700114964) (0.69606680227707873,-0.71797702384391215) (0.67139674137302507,-0.74109811474168785)
