# Created by Octave 5.2.0, Fri Sep 17 14:18:41 2021 UTC <root@0x00>
# name: F_norm
# type: scalar
1.1703014581179901e-13


# name: H
# type: complex matrix
# rows: 30
# columns: 30
 (1,0) (1,0) (1.0000000000000002,6.9388939039072284e-18) (1,5.5511151231257827e-17) (1,0) (1,0) (1,5.5511151231257827e-17) (0.99999999999999989,0) (0.99999999999999978,0) (1,-5.5511151231257827e-17) (1,0) (1,0) (1,0) (1,0) (1,0) (1,5.5511151231257827e-17) (1,0) (1,-2.7755575615628914e-17) (0.99999999999999989,2.7755575615628914e-17) (1,-5.5511151231257827e-17) (1,0) (1,0) (1,-5.5511151231257827e-17) (1,-5.5511151231257827e-17) (1,0) (1,0) (1,2.7755575615628914e-17) (1,0) (1,-5.5511151231257827e-17) (1,2.7755575615628914e-17)
 (1,0) (-0.30291077160444696,0.9530189213473147) (0.97206806704046878,-0.23469911171584651) (0.70024219261318787,0.7139053660565059) (-0.29948554222055107,0.9541008384866162) (0.88581679288724069,0.46403513815115599) (-0.42663666329560057,0.9044231075840532) (0.26756651775304008,-0.96353939129519328) (-0.77301372866258622,-0.63438929317822312) (-0.8026345496528271,0.59647110550604443) (0.15606781543592102,0.98774634243061554) (-0.25980328291258981,-0.9656615629649139) (-0.1450255174193317,-0.98942791515969242) (-0.82151322014454764,0.5701894677453585) (0.083862579882744648,0.99647732924307464) (-0.82828025060671062,-0.56031404270719909) (0.20110977228702631,0.97956871095939968) (0.98241736257552259,-0.18669795314934401) (-0.94606146894107102,0.32398718645196689) (0.10551931965771982,-0.99441725305777551) (0.18610262780711284,-0.98253031094378318) (-0.57998484527518479,-0.81462726399938279) (-0.061906363848055146,0.99808196162194618) (-0.76287239591124889,-0.64654907590733668) (0.9992182360483064,-0.039533741898668873) (-0.75536947272590926,-0.65529913755000579) (-0.23063389894219816,0.97304059764159889) (0.078929759381864584,-0.99688017990324251) (0.98551073429536173,0.16961306726964182) (0.39170019449734139,-0.92009290706468616)
 (1,0) (-0.9955161579829036,0.094591644424646903) (-0.94550889247578918,0.32559627493140575) (-0.1550439049487379,0.98790758046400562) (-0.76694191440299775,-0.64171652614831798) (-0.92709118091830711,-0.37483588710727661) (-0.86740294540242258,-0.49760640099098441) (-0.30425722972195635,0.95258991080208277) (-0.8495809100223799,-0.52745831809304544) (0.34698807840340562,0.93786953967271569) (0.36395623487346102,-0.93141605048266873) (0.732512639630998,0.68075343023801682) (-0.72486331847029006,-0.68889271264561824) (-0.40414360691143447,0.91469554770569161) (0.45966677448211402,-0.88809146850828902) (0.99413858315965387,0.10811326224528042) (0.99994793428361672,-0.010204348187267454) (-0.70187540347673272,0.71229973887007247) (-0.79573464713343101,-0.60564541718024534) (-0.80996518886112046,0.58647795596524166) (-0.10934951830152279,-0.99400336158748726) (-0.74062148934028849,-0.67192247285484696) (0.81875708245151302,0.57414008737893041) (0.93500634210702693,0.35463099162317596) (0.25807517682884845,-0.96612483826095585) (0.26919377026653435,-0.963086036680881) (0.85521595702446573,0.51827180788725791) (0.090613218728783307,0.99588616045791589) (0.98831378183453189,-0.15243316120819755) (0.98551073429536185,0.16961306726964187)
 (0.99999999999999989,0) (-0.13687735453414956,0.99058800205521058) (-0.87658378002392434,0.48124928737502493) (-0.95738739680100893,-0.28880680817215376) (-0.95841862385884513,-0.2853659780711747) (-0.53284069882129637,-0.8462155692727662) (0.60880504771262833,-0.79331986857737558) (-0.5820655738026379,0.81314184973705816) (0.73518515890151814,-0.67786634532992507) (0.96793309766621694,-0.25120811778738739) (-0.7766266417845491,0.62996115695370736) (-0.9981556757134753,0.06070623560207547) (0.41942779773191152,-0.90778869925206618) (0.99985185751345651,-0.017212292900421061) (-0.98696400612964141,-0.16094114018649722) (-0.78453620357984177,0.62008301482344264) (0.26152586631477504,0.96519646769365419) (0.93288979758993518,-0.36016194350959729) (0.27409541708291657,-0.96170250199016383) (-0.55291267144168366,0.83323920800645257) (0.57282371342005467,0.81967859148794286) (-0.62261544918036482,0.78252795633250871) (0.58777870416206368,-0.8090217518296805) (-0.41380317139623946,-0.91036637423754574) (0.98838857459363116,0.15194744358747833) (-0.72094907901138416,0.69298804136336789) (0.94446031695656385,0.32862548546073961) (0.4380279983227211,-0.89896132991658229) (0.090613218728783362,0.99588616045791556) (0.078929759381864584,-0.99688017990324229)
 (1,0) (-0.97395434808081893,-0.22674419034336346) (-0.98409113874633536,0.17766437639814736) (0.21233942602320466,-0.97719597223695898) (0.86875090833966684,0.49524929001363072) (0.63878756888612354,-0.76938315671488156) (0.19886062016227596,0.98002778213103436) (0.74890495928486278,-0.66267741923090939) (0.33473445528257467,0.94231249829696984) (-0.99419191223800241,-0.10762175263646212) (-0.88249819946050567,0.47031577471839647) (-0.52052244006111437,0.85384798962861241) (-0.95957886913049828,0.28143985843912295) (-0.96818249160670888,0.25024520564083536) (-0.98381032620715481,0.17921284007618504) (-0.62676695800381044,0.77920676354524199) (0.58139741020005231,-0.81361972162225293) (-0.86209107116525541,0.50675337691735622) (-0.70142467685496923,-0.71274358832535367) (0.29967611458676929,-0.95404099825226418) (-0.63964614710185252,0.76866950407685297) (0.96558119036717538,0.26010183545893645) (0.60917083318299292,-0.79303902552089967) (-0.31309079466090672,-0.9497231987787822) (0.8550320253754109,-0.51857519761595117) (0.7090181550159449,-0.70519022671743359) (0.81855333157204635,-0.57443053833540547) (0.94446031695656374,0.32862548546073983) (0.85521595702446573,0.51827180788725791) (-0.23063389894219821,0.973040597641599)
 (1,-2.7755575615628914e-17) (0.99718759307826621,0.074946008638049608) (0.23858122001691928,0.97112254708416634) (-0.37437065689918214,0.92727914419169066) (0.28153425593648695,-0.95955117775671017) (0.6946532350149941,-0.71934475954385302) (0.78392517287433461,-0.62085531594240539) (-0.16134928725861217,-0.98689736421835494) (0.26663419859114734,0.96379780251962421) (-0.35007069036826427,0.93672328451100517) (-0.960610115862785,0.27789963170556053) (0.55269966359122025,-0.83338051445072259) (0.16838874577967991,-0.98572066544977432) (-0.90216402297479836,-0.43139317988341708) (-0.84210392646549281,0.53931528536784457) (0.18084891241159398,-0.98351089006657377) (-0.23981695962398453,0.97081812193464345) (-0.98008323373758299,-0.19858714698208133) (-0.88850862005745623,-0.4588599264302724) (0.78605895892883626,0.61815152922864569) (-0.25593812819616363,0.96669316462642019) (-0.15675221252245289,-0.98763796194218634) (0.99573927147881724,0.092213357138936525) (0.43087184752634666,0.90241312657187844) (-0.83054052304477777,0.55695820272306507) (0.063291928237725198,0.99799505600977334) (0.70901815501594467,-0.7051902267174337) (-0.72094907901138416,0.69298804136336789) (0.26919377026653429,-0.963086036680881) (-0.75536947272590926,-0.65529913755000579)
