# Created by Octave 5.1.0, Fri Sep 17 16:03:16 2021 GMT <unknown@Ola>
# name: F_norm
# type: scalar
2.2194166775262235e-13


# name: H
# type: complex matrix
# rows: 37
# columns: 37
 (1,0) (1,2.7755575615628914e-17) (0.99999999999999989,2.775557561562891e-17) (1,5.5511151231257827e-17) (1,-2.7755575615628914e-17) (1,2.7755575615628914e-17) (0.99999999999999989,2.775557561562891e-17) (0.99999999999999989,-2.7755575615628914e-17) (1,2.7755575615628914e-17) (0.99999999999999989,2.775557561562891e-17) (1,8.3266726846886741e-17) (0.99999999999999989,5.5511151231257827e-17) (1,2.7755575615628914e-17) (1,-2.7755575615628914e-17) (0.99999999999999989,2.775557561562891e-17) (1,2.7755575615628914e-17) (1,-2.7755575615628914e-17) (1,2.7755575615628914e-17) (1,2.7755575615628914e-17) (1,2.7755575615628914e-17) (1,8.3266726846886741e-17) (0.99999999999999989,8.3266726846886741e-17) (1.0000000000000002,2.775557561562892e-17) (1,2.7755575615628914e-17) (1,2.7755575615628914e-17) (1,2.7755575615628914e-17) (0.99999999999999989,8.3266726846886741e-17) (1,2.7755575615628914e-17) (1,2.0816681711721685e-17) (1,2.7755575615628914e-17) (1,5.5511151231257827e-17) (1,5.5511151231257827e-17) (1,8.3266726846886741e-17) (1,2.7755575615628914e-17) (1,8.3266726846886741e-17) (1,2.7755575615628914e-17) (1,2.7755575615628914e-17)
 (1,0) (0.50516437292897187,-0.86302314935538116) (-0.98815914578261954,0.15343240402914793) (0.79531236152385887,0.60619984131253535) (0.36799466656526764,0.92982790094700851) (0.99469411890018611,0.10287667289226704) (-0.64482303372434313,-0.76433190119118832) (0.019635667943117829,0.99980720168661885) (-0.47951028958231828,-0.87753625690605008) (-0.98750293070574113,-0.15760064037805704) (0.97980708734962718,0.19994517143317492) (-0.39271905874979451,-0.91965849144923106) (0.68981897210293375,0.72398189599385232) (0.99164057850468657,0.12903086089339921) (0.65604681053510827,-0.75472020139036489) (-0.94616334546481262,0.32368954833116581) (-0.46073736543565658,-0.88753652324364141) (-0.87055286154160882,-0.49207490818138466) (0.18903543363730974,0.98197026677468957) (-0.036549105181715169,0.99933185824850801) (0.54550073483137251,0.83811034374862237) (-0.90918352368293898,0.41639562949612696) (0.90162968694080703,-0.43250885265740391) (-0.49104371110396572,-0.87113493431571531) (-0.65442330899983725,0.7561283837006153) (-0.1855406601310613,-0.98263658767528606) (-0.58791912724146111,-0.80891971160532361) (-0.045525927820814827,0.99896315742676633) (-0.96108317136806842,0.27625918575333613) (-0.44201676401252588,-0.89700678945696766) (0.72528958535925458,-0.68844391011134742) (0.45253143486208425,-0.89174845133684721) (0.99924242555028153,0.038917540780355031) (-0.57852970173650076,0.81566131709716105) (-0.064923507603677821,0.99789024354406708) (-0.048557209799206913,-0.99882040296367403) (-0.037880187866198567,0.99928228812844599)
 (1,0) (-0.88153946874552147,-0.47211033143097386) (0.94353831152769108,0.33126342188577712) (-0.4433597646871843,0.89634375049783421) (0.97215625883125401,0.23433354095225237) (0.95181921597924135,-0.30665971384038004) (-0.80470260075647948,0.59367813193325447) (-0.68770123362220359,-0.72599381076872804) (-0.52917056890411251,-0.84851547363951874) (0.92876646519766304,-0.37066541938011754) (-0.31615434642625484,0.94870776809078006) (-0.9712966902924024,0.23787126650149454) (-0.93301929262841965,-0.35982634642722194) (0.7839851924711132,-0.62077952445778362) (-0.69161679419678435,-0.72226463985506295) (0.94003849668434303,0.3410683578865692) (0.66272731562376574,-0.74886080490710527) (0.99999748339237882,-0.0022434814262949354) (-0.95926636885203564,-0.28250315677781601) (0.19034325532027768,0.98171759949288828) (0.54661661813942575,0.83738299049707077) (-0.50246141977472158,0.86459963083381663) (0.79234304424892532,0.61007581514951637) (-0.54160576138668715,0.84063261846822668) (0.16153212766659156,-0.9868674539833121) (0.4696624348110513,-0.88284607793621372) (0.75325389236965568,0.65772986372063347) (-0.58171178353452313,-0.81339498455368209) (-0.96316906080706333,0.26889656060284395) (0.71397682234198001,-0.70016933463159448) (-0.31050089610548737,0.95057308688900399) (-0.94680811587679992,0.32179868195787431) (-0.89127818961549099,-0.45345693148934652) (0.81506029525632373,0.57937614301649776) (-0.60040295885088946,0.79969762223173946) (-0.021494704999412889,-0.99976896213924815) (-0.048557209799206955,-0.99882040296367403)
 (1,5.5511151231257827e-17) (0.83747575736672353,0.54647447865662879) (-0.37668825228151703,0.92634008905644172) (-0.86113203846776332,0.50838136504434872) (0.13069345158514745,-0.99142282690724948) (-0.37849360939791432,0.92560390429434791) (0.57032317813576872,-0.82142039935779465) (0.82154393992030506,-0.57014520499625587) (-0.93555886265332999,-0.35317080076190943) (-0.93910290782916628,0.343636040756502) (0.12948253125402964,0.99158170318942995) (0.033330678810950642,0.99944437856741308) (0.57937367332762946,-0.81506205080033645) (0.51931542051661639,-0.85458264317364308) (0.99554682729436739,0.094268312089060502) (-0.50209631509391206,0.86481170804350027) (0.99662378234607285,-0.082103815150140591) (-0.27951943280496339,-0.96014003493469247) (-0.98967185521956291,0.14335138292416344) (0.93177076178873341,0.36304716976674528) (-0.65932597387778102,-0.75185720730077221) (0.57415923125937807,-0.81874365778285019) (-0.99185155369137212,-0.12739896169126985) (0.98173028420344122,0.19027782077223748) (0.97217470881760248,-0.23425698609734397) (0.024194875277274264,-0.99970726115714381) (-0.090873788423685653,-0.99586241749426829) (-0.68810726623928176,-0.7256089788231006) (-0.65836266445184544,0.75270087156576837) (-0.77661815966117276,0.62997161371326404) (0.99644071952439828,0.084296455878643595) (-0.74055660732118966,0.67199398163445745) (-0.23782396892970092,-0.97130827228152739) (0.42109742634349034,0.90701541195664892) (-0.74416752497320393,-0.66799303497510865) (-0.60040295885088935,0.79969762223173957) (-0.064923507603677877,0.99789024354406686)
 (1.0000000000000002,0) (-0.89399942370136831,-0.44806810913255257) (-0.35146796515537082,0.93619990892412641) (0.56321651662460148,0.82630935817116846) (-0.5610648218018458,0.8277718681716989) (-0.98572683453823384,-0.16835262894066469) (-0.36868377382560497,-0.92955487999241415) (0.49886883104607627,-0.86667750023334655) (-0.38854127573954766,0.92143131976652703) (0.43878795645908136,-0.89859063497594016) (0.21281321864540359,0.97709289935490973) (-0.56332338955090289,-0.82623650293658757) (0.75754564838673433,0.65278219232016665) (-0.77607244865496305,-0.630643761912135) (-0.93081969920204966,0.36547871015615307) (0.29569893918429074,0.95528118235694637) (-0.017772999621398444,-0.99984204776777508) (-0.35910247504171566,0.93329813694173558) (-0.51279951788890321,-0.85850838927345863) (-0.98520008579928453,0.17140825808893204) (0.9636589067394723,-0.26713575474220058) (0.34892887217112167,-0.93714921019301334) (-0.99507041663873064,-0.099170892556352641) (0.90022492222074613,-0.43542518233635985) (0.66754055908023635,0.74457343625920891) (-0.88325102572563874,0.46890044311624046) (0.62040264130626643,0.78428347085744954) (-0.11020257472993286,-0.99390914701641297) (0.45025432964331225,-0.89290035202000584) (0.19457724961214734,-0.9808871973541976) (0.99789025190066138,0.064923379160620937) (-0.88278921390920584,-0.46976930913541742) (0.69104940034052675,0.72280753059787584) (0.30680167830070393,-0.95177346579523359) (0.4210974263434904,0.90701541195664892) (0.81506029525632384,0.57937614301649798) (-0.57852970173650087,0.81566131709716105)
