# Created by Octave 5.1.0, Fri Sep 17 16:13:32 2021 GMT <unknown@Ola>
# name: F_norm
# type: scalar
1.3243125461732204e-13


# name: H
# type: complex matrix
# rows: 39
# columns: 39
 (1,0) (1,-1.6653345369377348e-16) (0.99999999999999978,-5.5511151231257815e-17) (1,-5.5511151231257827e-17) (1,-5.5511151231257827e-17) (1,-5.5511151231257827e-17) (1,-5.5511151231257827e-17) (1,-4.8572257327350599e-17) (1,0) (1,-5.5511151231257827e-17) (1,-8.3266726846886741e-17) (1,-5.5511151231257827e-17) (1,-5.5511151231257827e-17) (1,-1.1102230246251565e-16) (1,-5.5511151231257827e-17) (1,-1.1102230246251565e-16) (1,5.5511151231257827e-17) (0.99999999999999989,-5.5511151231257821e-17) (1,0) (0.99999999999999989,-5.5511151231257821e-17) (0.99999999999999989,-1.1102230246251565e-16) (0.99999999999999989,-5.5511151231257821e-17) (1,0) (1,-8.3266726846886741e-17) (0.99999999999999989,-5.5511151231257821e-17) (1,-5.5511151231257827e-17) (1,-5.5511151231257827e-17) (1,-5.5511151231257827e-17) (1,-5.5511151231257827e-17) (0.99999999999999989,-5.5511151231257821e-17) (1,-1.1102230246251565e-16) (1,-1.1102230246251565e-16) (1.0000000000000002,-5.5511151231257839e-17) (1.0000000000000002,-6.9388939039072296e-17) (1,-5.5511151231257827e-17) (1,-5.5511151231257827e-17) (1,-5.5511151231257827e-17) (1,-5.5511151231257827e-17) (1,-5.5511151231257827e-17)
 (1,0) (0.30307198271554847,0.95296766644669884) (0.065717844555467864,0.99783824586301695) (-0.96967438672426209,-0.2444004577142336) (0.042801328684293816,0.99908360323991841) (-0.79906838129464275,0.60124015336233105) (0.3714805404646172,-0.92844074019622613) (0.30025945501288231,0.95385756781364739) (-0.9080247426031034,-0.41891653920628191) (-0.48322859668016543,-0.87549421662882354) (-0.79833312182482441,-0.60221609626232209) (-0.16235912216873649,-0.98673173428678052) (0.9578084694885497,-0.2874072646541872) (-0.56474866122338963,-0.82526295787851101) (0.66598488976108272,0.74596523150205818) (-0.94874929619792769,0.31602970266089964) (0.16568216141274,-0.98617920348666988) (0.80171946595693921,0.59770050853727774) (0.98325075692988517,-0.18225791888641713) (0.65830473811574231,-0.75275153389040961) (-0.33217341355248875,-0.94321833279940348) (0.17755004712759087,-0.98411177249588411) (-0.56540557558695814,0.82481303038639031) (0.85115975529247068,0.52490672597182553) (0.12286961070061957,0.99242282257426873) (0.060959364325694543,0.99814024861289308) (-0.98555608756518509,0.16934933794734675) (-0.99882540855266033,0.048454135320035785) (0.92347218087342109,-0.38366538956868129) (-0.99396384946998251,-0.10970809426297112) (-0.85157994839879059,0.52422475283518755) (-0.45788683039520078,-0.88901048956164541) (-0.45537490027147454,-0.89029978108654229) (0.32687256885100857,0.94506842277834202) (0.84169226713232503,-0.53995752374575412) (0.99971150482205473,0.024018891032334094) (-0.57212118968067249,-0.8201690949544318) (0.361744610891228,0.93227723156320519) (0.86495996907630357,0.50184086311849896)
 (1,-5.5511151231257827e-17) (0.74038324905116804,0.67218497790744802) (-0.62207548797802192,0.78295727039022078) (-0.33781044804150273,-0.9412141632986617) (-0.31612172996334059,-0.94871863681756841) (-0.93687812750204491,-0.34965607989603387) (0.71047627016141346,0.70372115893834442) (0.90040916489085832,-0.43504406188402084) (-0.3879797164188814,-0.92166791180312058) (0.56283583526759939,0.82656870406435268) (0.37443774164239674,0.92725205722809889) (0.042519819574401929,0.99909562352327463) (-0.83067866355074005,-0.5567521512500484) (-0.98825373759861512,-0.15282195562931172) (-0.28007419649207133,-0.9599783562452443) (-0.99998603697358968,0.0052844922040725106) (0.62942872865739097,0.77705821888758142) (0.27765646797935267,-0.96068042854490943) (0.99766311868253599,-0.068324970696198417) (0.0095562293896123141,-0.99995433819742663) (-0.98939461849433008,0.14525250047575344) (-0.77388970860663342,0.63332039199187284) (0.96799151564130603,0.25098291903324338) (-0.5873694647507145,0.80931891852251825) (0.096152314527721161,0.9953666321566953) (-0.75842457869910307,0.65176081381522877) (-0.68666558165492675,-0.72697343759624466) (0.73551604536595971,-0.67750730402647297) (-0.56698027783519644,0.82373136673670799) (-0.68981810901547913,0.72398271835335137) (0.56727692165593657,-0.82352710590275291) (0.999844254180565,0.017648438517603504) (-0.096510135302298072,0.99533200178831405) (0.23700793570205758,-0.97150771402714553) (0.98997854355308867,0.14121785759777422) (0.4782888043319008,-0.87820260740375911) (-0.89605161566244873,-0.44394988688895415) (0.065794663393444863,-0.9978331835877895) (0.36174461089122811,0.9322772315632053)
 (1,0) (0.99806471430364541,0.062183808680259411) (0.50490078112809855,0.86317738687724854) (-0.27862840685561419,-0.96039898526242884) (-0.017264608640142731,-0.99985095553712533) (0.82727735124664648,-0.56179372025177787) (0.44650060067605751,0.8947833333248445) (0.66313608327765405,0.7484988544113963) (-0.34506039583933235,0.93858048308240694) (0.50780831097007528,0.86147009194151325) (-0.9136589040946006,-0.40648174247886393) (-0.17581420973869694,-0.98442336606460001) (0.99934893024906912,0.036079296141163952) (0.93572738688333124,0.35272405281819486) (-0.97900973039310779,0.20381351229890232) (0.97245036048526767,-0.23311005210430824) (0.86214725592929053,0.50665778301886877) (0.94605835963798834,0.32399626565606987) (-0.89237752188554176,-0.451289661341161) (-0.52308918793822268,-0.8522779484781543) (-0.041076478007195216,0.99915600531374693) (0.91994083911564961,0.39205720568202107) (-0.95959774723315738,-0.28137548490415604) (0.92324392040444603,-0.38421434569290758) (-0.76739115067735342,0.64117924316222774) (-0.21123694036175222,0.97743488531288181) (-0.48812023378216984,-0.87277639597576218) (0.90677440043651081,-0.42161616040304617) (-0.69469219799470527,-0.71930713192994666) (-0.46876585542906812,-0.88332246251516455) (-0.83669720931421665,-0.547665755662888) (-0.47742101655632341,0.87867466843555142) (-0.99638922033899524,0.084903012857318438) (-0.13340775630489404,0.99106123451464612) (-0.99923816131335919,-0.039026875036282771) (0.5105731609426758,-0.85983431387971765) (-0.25684271764483613,0.96645321583241417) (-0.89605161566244895,-0.44394988688895431) (-0.57212118968067271,-0.82016909495443191)
 (1,-5.5511151231257827e-17) (-0.95498853182052579,-0.29664272128484309) (-0.82218999306350671,-0.56921315454426213) (0.94709878214690535,0.32094220173708715) (-0.28011100507207776,0.95996761655667873) (-0.99858373204482742,0.053202726390892019) (0.923710500133895,0.38309125798220778) (-0.15805980799674491,-0.9874295403197294) (0.95038014058798104,0.3110909647932093) (-0.44130661820651301,0.89735637777146882) (0.75000599866353213,0.6614310258588707) (-0.64893780850718363,-0.7608414556856733) (0.99009867999451728,0.14037308813698823) (0.9989854980388122,0.045033040183256157) (-0.9711577186303344,-0.23843801195431263) (-0.082203537137243932,0.99661556203087953) (0.85757246599358494,0.51436316505916513) (-0.97798355807249782,-0.20868195930616001) (-0.68584052847342569,0.72775185984186408) (0.22317259363728004,-0.97477894594067327) (-0.27634473478873944,-0.96105857654699745) (-0.73703599506416462,0.67585349150520557) (0.0420727196160679,-0.99911455112219616) (0.99233744872426188,-0.1235572250393403) (-0.99581202167480687,-0.09142438125540836) (0.98907662454076273,-0.14740227537949246) (0.79501703620279018,0.60658710186364129) (-0.99871594120801332,-0.050660327446563125) (0.2181313171731204,0.97591942724198333) (-0.99880107607898871,0.048953145184489344) (-0.90871221651459311,0.41742317563491405) (-0.75637358534577581,-0.65413989282964269) (-0.59238328857993106,0.80565627870154777) (0.98179741545105303,0.18993113229176817) (-0.98515704031230467,-0.17165548614332116) (0.62266804759100425,-0.78248610371635818) (0.5105731609426758,-0.85983431387971754) (0.47828880433190091,-0.87820260740375899) (0.99971150482205484,0.024018891032334178)
