# Created by Octave 5.1.0, Fri Sep 17 15:39:02 2021 GMT <unknown@Ola>
# name: F_norm
# type: scalar
1.2010804158176348e-13


# name: H
# type: complex matrix
# rows: 34
# columns: 34
 (1,0) (0.99999999999999989,-8.3266726846886741e-17) (1,-5.5565361339882102e-17) (1,-5.5511151231257827e-17) (1,-5.5511151231257827e-17) (1,-5.5511151231257827e-17) (1,-5.5511151231257827e-17) (1,-5.5511151231257827e-17) (1,-5.5511151231257827e-17) (1,0) (1,-5.5511151231257827e-17) (0.99999999999999989,-1.1102230246251565e-16) (1,-5.5511151231257827e-17) (1,-5.5511151231257827e-17) (1,-5.5511151231257827e-17) (1.0000000000000002,-5.5511151231257839e-17) (0.99999999999999989,-5.5511151231257821e-17) (1,0) (1,-1.1102230246251565e-16) (1,-1.1102230246251565e-16) (1,0) (1,-5.5511151231257827e-17) (0.99999999999999989,-5.5511151231257821e-17) (0.99999999999999989,-5.5511151231257821e-17) (1,-5.5511151231257827e-17) (1,-1.1102230246251565e-16) (1,-5.5511151231257827e-17) (1,-5.5511151231257827e-17) (1.0000000000000002,-5.5511151231257839e-17) (1,-1.1102230246251565e-16) (1,-5.5511151231257827e-17) (1,-5.5511151231257827e-17) (1,-2.7755575615628914e-17) (0.99999999999999978,-1.1102230246251564e-16)
 (0.99999999999999989,0) (-0.43919796002483014,-0.89839031156286842) (-0.037409556791920096,0.99930001754259534) (0.53168597967277964,-0.84694156765351658) (-0.30525571643574795,0.95227041725725037) (0.3883942696149435,0.92149329424053572) (0.88437457355918181,-0.46677790612026127) (-0.35068444419428146,-0.93649368422864887) (-0.018652900556843904,-0.99982601951580363) (0.95646343260563738,-0.29185219219365327) (-0.17950582456620565,-0.98375691049507041) (-0.425290441552508,-0.90505692656543602) (-0.99620250165433544,-0.087066501581505612) (0.87394392443102042,0.48602676567253644) (-0.7943891022977061,0.6074092147396557) (-0.92333082381587794,0.38400545541891928) (-0.50952015862100819,-0.86045871949723551) (-0.60732877120312101,0.79445060492701991) (-0.90183899077963903,0.43207225635252411) (0.79705045400246066,0.60391272032841847) (0.38125145352304968,-0.92447137824086378) (0.99963988025653294,0.026834861667318993) (0.097621601618798404,0.99522360447156832) (-0.83018820968211349,0.55748321634360076) (0.94419394496045994,-0.32939003369865977) (0.71293437422091177,-0.7012307594895113) (0.4979812289099434,0.8671878087550251) (-0.63523935636898998,0.77231532428141758) (-0.98077022144600712,0.19516601324193053) (0.35189618491503538,-0.93603903499920527) (-0.98156824478479832,0.19111195888821284) (-0.86241894427419918,-0.5061951842490956) (0.99901559545342866,-0.044360343109929201) (0.36234527130595018,0.93204393907273331)
 (1,0) (-0.99648054879605319,0.083824315512366909) (-0.046487744279774701,-0.99891886038445488) (0.82420178465919136,-0.56629622828039683) (0.94629595712483106,-0.32330165717051218) (-0.27837466013900863,0.96047256524717639) (0.87090801125626927,-0.49144606614525882) (-0.89013142889587271,0.45570389431273489) (0.0061728717846231684,0.9999809476454693) (-0.99843430191353089,-0.055936971337748054) (-0.99440164580113688,0.10566629939573957) (0.24641934983338165,0.96916330101159598) (0.99982558909874764,0.018675957360777984) (-0.82233207861869695,0.56900786679504889) (-0.22361851668272076,0.97467674589918296) (-0.62578900173769458,-0.77999238797833137) (0.84832925761510702,-0.52946904600193645) (0.46961070476880545,-0.88287359568997559) (-0.83827338771400151,-0.54525015126131904) (-0.54164654790413902,0.84060633898604886) (-0.15977502454418702,-0.98715345389250642) (-0.70471806885518351,-0.70948745121321277) (0.95538266987030784,0.29537087553020924) (-0.94975456480689679,0.31299563356133525) (0.5279846033804787,0.849253942347728) (-0.67576122475656086,-0.73712059197631496) (0.5997491896321262,-0.80018804635885887) (-0.51227533299763139,0.85882127547130871) (-0.65040819686336271,-0.75958487179047274) (0.86080231431530019,0.50893946169404347) (0.8586921085610556,0.51249181719805859) (0.65126885808226187,-0.75884706923874101) (-0.75599659012946407,0.65457555386114341) (0.99901559545342855,-0.044360343109929312)
 (1,0) (-0.39891270908857213,-0.91698890425545332) (-0.0021295981473120063,-0.99999773240329459) (-0.84807192460887126,-0.52988112883004757) (0.24490650209298975,0.96954670090335315) (0.63168896249411932,0.77522193897173963) (0.15849631680411391,0.98735956852583884) (-0.73636120232084501,-0.67658863404331637) (0.43266068627331883,0.90155683711760592) (0.25510933108243483,0.96691221379951209) (0.080057240954004349,0.99679026789532443) (0.48010270863831789,0.87721228283588859) (-0.11716242686469752,-0.99311276586859665) (0.84158266336715126,0.54012833726796106) (0.3495373074808496,-0.936922446459171) (-0.12391082302588091,-0.99229335780153716) (-0.3934686233950086,0.91933804577186806) (-0.1386461557891514,0.99034198309719823) (-0.086327775534811246,0.99626678915399547) (-0.29679330339682486,-0.95494174432726542) (0.53362169117922564,0.84572329440723304) (-0.089131317523577391,-0.99601988345439774) (0.6708602609921972,-0.74158378503138955) (-0.96961786200007949,0.24462461382778863) (-0.81986101474293172,0.57256258741266997) (0.9605499907435362,0.27810738084882358) (0.34468673934427985,-0.93871777000342793) (0.19368352588942292,0.9810640610067427) (0.3762821661139894,-0.9265051168043078) (-0.95410164318604962,0.29948297859758322) (-0.92641023029609204,-0.37651571707266335) (-0.4417693973373108,-0.89712864159842221) (0.65126885808226209,-0.75884706923874123) (-0.86241894427419941,-0.50619518424909549)
 (1,0) (0.83353349030116441,0.55246893174762191) (-0.61872329014017668,0.78560899322634714) (0.99961656952801525,0.0276895995825579) (-0.33150665864048762,0.94345287920331167) (0.3836240332440104,-0.92348936166996409) (-0.99164661800090559,0.12898443707426793) (-0.49909984586834621,0.86654448463664768) (0.19248977819839613,-0.9812989785427948) (-0.95638704260311269,-0.29210242166211492) (-0.56594926584778116,0.82444006967538719) (-0.49740359992390665,0.86751925556885379) (0.81012316264129658,0.58625972175483998) (0.14019835938303976,0.99012343676245917) (0.81794137260334965,-0.5753015826362281) (-0.53779583895410898,-0.84307510673939667) (0.37200852857220246,-0.92822931146863963) (0.86465748936046904,0.50236184776797199) (0.74361591240473124,0.6686070406587703) (0.20265570448369258,-0.97925005256074282) (0.9043463866010788,-0.42679926551198766) (-0.87566267899366668,-0.48292325748262921) (-0.75325827995259587,0.65772483888238331) (-0.3771806092016437,-0.92613972382264054) (0.44147247426328928,-0.89727479317534009) (-0.33981612684647672,-0.94049189254084442) (-0.69628836857316512,-0.71776215265902621) (-0.87300984898514666,-0.48770257696154473) (0.79687774026574443,0.60414060206955134) (0.9770597182063101,0.21296550673431969) (-0.51720628100543431,0.85586077307499464) (-0.92641023029609171,-0.3765157170726634) (0.85869210856105549,0.51249181719805859) (-0.98156824478479821,0.19111195888821286)
