# Created by Octave 5.2.0, Sat Sep 18 21:21:00 2021 CEST <ania@ania-bania>
# name: F_norm
# type: scalar
2.8142744151544774e-15


# name: H
# type: complex matrix
# rows: 7
# columns: 7
 (1,0) (1,0) (1,0) (1,0) (1,0) (1,0) (1,0)
 (1,0) (0.62348980185873348,-0.78183148246802991) (0.62348980185873348,0.78183148246802991) (-0.90096886790241915,0.43388373911755806) (-0.90096886790241915,-0.43388373911755806) (-0.22252093395631425,-0.97492791218182362) (-0.22252093395631425,0.97492791218182362)
 (1,0) (0.62348980185873348,0.78183148246802991) (0.62348980185873348,-0.78183148246802991) (-0.90096886790241915,-0.43388373911755806) (-0.90096886790241915,0.43388373911755806) (-0.22252093395631425,0.97492791218182362) (-0.22252093395631425,-0.97492791218182362)
 (1,0) (-0.22252093395631425,-0.97492791218182362) (-0.22252093395631425,0.97492791218182362) (0.62348980185873348,-0.78183148246802991) (0.62348980185873348,0.78183148246802991) (-0.90096886790241915,0.43388373911755806) (-0.90096886790241915,-0.43388373911755806)
 (1,0) (-0.22252093395631425,0.97492791218182362) (-0.22252093395631425,-0.97492791218182362) (0.62348980185873348,0.78183148246802991) (0.62348980185873348,-0.78183148246802991) (-0.90096886790241915,-0.43388373911755806) (-0.90096886790241915,0.43388373911755806)
 (1,0) (-0.90096886790241915,0.43388373911755806) (-0.90096886790241915,-0.43388373911755806) (-0.22252093395631425,-0.97492791218182362) (-0.22252093395631425,0.97492791218182362) (0.62348980185873348,-0.78183148246802991) (0.62348980185873348,0.78183148246802991)
 (1,0) (-0.90096886790241915,-0.43388373911755806) (-0.90096886790241915,0.43388373911755806) (-0.22252093395631425,0.97492791218182362) (-0.22252093395631425,-0.97492791218182362) (0.62348980185873348,0.78183148246802991) (0.62348980185873348,-0.78183148246802991)


# name: argn
# type: sq_string
# elements: 1
# length: 1
x


# name: info
# type: complex matrix
# rows: 1
# columns: 5
 (-2.7755575615628914e-17,1.1102230246251565e-16) (-7.7715611723760958e-16,-5.5511151231257827e-16) (-2.2204460492503131e-16,3.8857805861880479e-16) (-3.3306690738754696e-16,4.4408920985006262e-16) (5.5511151231257827e-16,1.1102230246251565e-16)


# name: is_convergent
# type: scalar
2.6382507357857304e-15


# name: is_unimodular
# type: matrix
# rows: 1
# columns: 3
 1 1 1


# name: spectrum
# type: scalar
2.6457513110645898


# name: x
# type: complex matrix
# rows: 1
# columns: 3
 (0.62348980185873348,-0.78183148246802991) (-0.90096886790241915,0.43388373911755806) (-0.22252093395631425,-0.97492791218182362)


# name: x0
# type: complex matrix
# rows: 1
# columns: 3
 (0.62348980185873348,-0.78183148246802991) (-0.90096886790241915,0.43388373911755806) (-0.22252093395631425,-0.97492791218182362)


