# Created by Octave 5.2.0, Sat Sep 18 21:22:31 2021 CEST <ania@ania-bania>
# name: F_norm
# type: scalar
5.3234892154587534


# name: H
# type: complex matrix
# rows: 9
# columns: 9
 (1,0) (1,0) (1,0) (1,0) (1,0) (1,0) (1,0) (1,0) (1,0)
 (1,0) (-0.18807900284277188,-0.98215436692103086) (-0.18807900284277188,0.98215436692103086) (0.78204874695047266,0.62321594336167618) (0.78204874695047266,-0.62321594336167618) (-0.86586628724526304,-0.50027182823375271) (-0.86586628724526304,0.50027182823375271) (-0.55462354608213937,-0.83210501187962849) (-0.55462354608213937,0.83210501187962849)
 (1,0) (-0.18807900284277188,0.98215436692103086) (-0.18807900284277188,-0.98215436692103086) (0.78204874695047266,-0.62321594336167618) (0.78204874695047266,0.62321594336167618) (-0.86586628724526304,0.50027182823375271) (-0.86586628724526304,-0.50027182823375271) (-0.55462354608213937,0.83210501187962849) (-0.55462354608213937,-0.83210501187962849)
 (1,0) (-0.55462354608213937,-0.83210501187962849) (-0.55462354608213937,0.83210501187962849) (-0.18807900284277188,-0.98215436692103086) (-0.18807900284277188,0.98215436692103086) (0.78204874695047266,0.62321594336167618) (0.78204874695047266,-0.62321594336167618) (-0.86586628724526304,-0.50027182823375271) (-0.86586628724526304,0.50027182823375271)
 (1,0) (-0.55462354608213937,0.83210501187962849) (-0.55462354608213937,-0.83210501187962849) (-0.18807900284277188,0.98215436692103086) (-0.18807900284277188,-0.98215436692103086) (0.78204874695047266,-0.62321594336167618) (0.78204874695047266,0.62321594336167618) (-0.86586628724526304,0.50027182823375271) (-0.86586628724526304,-0.50027182823375271)
 (1,0) (-0.86586628724526304,-0.50027182823375271) (-0.86586628724526304,0.50027182823375271) (-0.55462354608213937,-0.83210501187962849) (-0.55462354608213937,0.83210501187962849) (-0.18807900284277188,-0.98215436692103086) (-0.18807900284277188,0.98215436692103086) (0.78204874695047266,0.62321594336167618) (0.78204874695047266,-0.62321594336167618)
 (1,0) (-0.86586628724526304,0.50027182823375271) (-0.86586628724526304,-0.50027182823375271) (-0.55462354608213937,0.83210501187962849) (-0.55462354608213937,-0.83210501187962849) (-0.18807900284277188,0.98215436692103086) (-0.18807900284277188,-0.98215436692103086) (0.78204874695047266,-0.62321594336167618) (0.78204874695047266,0.62321594336167618)
 (1,0) (0.78204874695047266,0.62321594336167618) (0.78204874695047266,-0.62321594336167618) (-0.86586628724526304,-0.50027182823375271) (-0.86586628724526304,0.50027182823375271) (-0.55462354608213937,-0.83210501187962849) (-0.55462354608213937,0.83210501187962849) (-0.18807900284277188,-0.98215436692103086) (-0.18807900284277188,0.98215436692103086)
 (1,0) (0.78204874695047266,-0.62321594336167618) (0.78204874695047266,0.62321594336167618) (-0.86586628724526304,0.50027182823375271) (-0.86586628724526304,-0.50027182823375271) (-0.55462354608213937,0.83210501187962849) (-0.55462354608213937,-0.83210501187962849) (-0.18807900284277188,0.98215436692103086) (-0.18807900284277188,-0.98215436692103086)


# name: argn
# type: sq_string
# elements: 1
# length: 27
exp (2j * pi * rand (1, 4))


# name: info
# type: complex matrix
# rows: 1
# columns: 7
 (-0.65303855476605266,-5.1011027225600358e-06) (-0.1827698775135928,2.2351873602000083e-06) (-0.098709496564085342,1.2817844590173877e-05) (0.025379715269620795,-1.3946278308418769e-05) (-0.098709496564085231,1.2817844589618765e-05) (1.1399234914826426,3.4563764145234543e-07) (-0.19250136407612373,2.2487654287584036e-06)


# name: is_convergent
# type: scalar
2.3910320017792062


# name: is_unimodular
# type: matrix
# rows: 1
# columns: 4
 1.0000004558860873 0.9999991773331558 0.99999816475443482 1.0000030143274188


# name: spectrum
# type: scalar
2.7975246523138511


# name: x
# type: complex matrix
# rows: 1
# columns: 4
 (-0.18807900284277188,-0.98215436692103086) (0.78204874695047266,0.62321594336167618) (-0.86586628724526304,-0.50027182823375271) (-0.55462354608213937,-0.83210501187962849)


# name: x0
# type: complex matrix
# rows: 1
# columns: 4
 (0.20727026708488519,-0.9782837197779386) (0.86612337877586176,0.4998302639275507) (-0.99549416291762838,0.094822843223193662) (0.98743539302472738,-0.15802324070244278)


