function B = B16q4(j)
% ------------------------------------------------------------------------------
% 2022-12-26 Wojciech Bruzda; name[at]uj.edu.pl : name = w.bruzda
%            https://chaos.if.uj.edu.pl/~karol/hadamard/
%            https://github.com/matrix-toolbox/
% ------------------------------------------------------------------------------
% First 64 matrices from Butson Home;
% https://wiki.aalto.fi/display/Butson/Matrices+up+to+monomial+equivalence
% ------------------------------------------------------------------------------

     BH{1} = [0 0 0 0 0 0 0 0 0 0 0 0 0 0 0 0;0 0 0 0 0 0 0 0 2 2 2 2 2 2 2 2;0 0 0 0 2 2 2 2 0 0 0 0 2 2 2 2;0 0 0 0 2 2 2 2 2 2 2 2 0 0 0 0;0 0 2 2 0 0 2 2 0 0 2 2 0 0 2 2;0 0 2 2 0 0 2 2 2 2 0 0 2 2 0 0;0 0 2 2 2 2 0 0 0 0 2 2 2 2 0 0;0 0 2 2 2 2 0 0 2 2 0 0 0 0 2 2;0 2 0 2 0 2 0 2 0 2 0 2 0 2 0 2;0 2 0 2 0 2 0 2 2 0 2 0 2 0 2 0;0 2 0 2 2 0 2 0 0 2 0 2 2 0 2 0;0 2 0 2 2 0 2 0 2 0 2 0 0 2 0 2;0 2 2 0 0 2 2 0 0 2 2 0 0 2 2 0;0 2 2 0 0 2 2 0 2 0 0 2 2 0 0 2;0 2 2 0 2 0 0 2 0 2 2 0 2 0 0 2;0 2 2 0 2 0 0 2 2 0 0 2 0 2 2 0];
     BH{2} = [0 0 0 0 0 0 0 0 0 0 0 0 0 0 0 0;0 0 0 0 0 0 0 0 2 2 2 2 2 2 2 2;0 0 0 0 2 2 2 2 0 0 0 0 2 2 2 2;0 0 0 0 2 2 2 2 2 2 2 2 0 0 0 0;0 0 2 2 0 0 2 2 0 0 2 2 0 0 2 2;0 0 2 2 0 0 2 2 2 2 0 0 2 2 0 0;0 0 2 2 2 2 0 0 0 0 2 2 2 2 0 0;0 0 2 2 2 2 0 0 2 2 0 0 0 0 2 2;0 2 0 2 0 2 0 2 0 2 0 2 0 2 0 2;0 2 0 2 0 2 0 2 2 0 2 0 2 0 2 0;0 2 0 2 2 0 2 0 0 2 0 2 2 0 2 0;0 2 0 2 2 0 2 0 2 0 2 0 0 2 0 2;0 2 2 0 0 2 2 0 0 2 2 0 0 2 2 0;0 2 2 0 0 2 2 0 2 0 0 2 2 0 0 2;0 2 2 0 2 0 0 2 1 3 3 1 3 1 1 3;0 2 2 0 2 0 0 2 3 1 1 3 1 3 3 1];
     BH{3} = [0 0 0 0 0 0 0 0 0 0 0 0 0 0 0 0;0 0 0 0 0 0 0 0 2 2 2 2 2 2 2 2;0 0 0 0 2 2 2 2 0 0 0 0 2 2 2 2;0 0 0 0 2 2 2 2 2 2 2 2 0 0 0 0;0 0 2 2 0 0 2 2 0 0 2 2 0 0 2 2;0 0 2 2 0 0 2 2 2 2 0 0 2 2 0 0;0 0 2 2 2 2 0 0 0 0 2 2 2 2 0 0;0 0 2 2 2 2 0 0 2 2 0 0 0 0 2 2;0 2 0 2 0 2 0 2 0 2 0 2 0 2 0 2;0 2 0 2 0 2 0 2 2 0 2 0 2 0 2 0;0 2 0 2 2 0 2 0 0 2 0 2 2 0 2 0;0 2 0 2 2 0 2 0 2 0 2 0 0 2 0 2;0 2 2 0 0 2 2 0 0 2 2 0 1 3 3 1;0 2 2 0 0 2 2 0 2 0 0 2 3 1 1 3;0 2 2 0 2 0 0 2 0 2 2 0 3 1 1 3;0 2 2 0 2 0 0 2 2 0 0 2 1 3 3 1];
     BH{4} = [0 0 0 0 0 0 0 0 0 0 0 0 0 0 0 0;0 0 0 0 0 0 0 0 2 2 2 2 2 2 2 2;0 0 0 0 2 2 2 2 0 0 0 0 2 2 2 2;0 0 0 0 2 2 2 2 2 2 2 2 0 0 0 0;0 0 2 2 0 0 2 2 0 0 2 2 0 0 2 2;0 0 2 2 0 0 2 2 2 2 0 0 2 2 0 0;0 0 2 2 2 2 0 0 0 0 2 2 2 2 0 0;0 0 2 2 2 2 0 0 2 2 0 0 0 0 2 2;0 2 0 2 0 2 0 2 0 2 0 2 0 2 0 2;0 2 0 2 0 2 0 2 2 0 2 0 2 0 2 0;0 2 0 2 2 0 2 0 0 2 0 2 2 0 2 0;0 2 0 2 2 0 2 0 2 0 2 0 0 2 0 2;0 2 2 0 0 2 2 0 0 2 2 0 1 3 3 1;0 2 2 0 0 2 2 0 2 0 0 2 3 1 1 3;0 2 2 0 2 0 0 2 1 3 3 1 0 2 2 0;0 2 2 0 2 0 0 2 3 1 1 3 2 0 0 2];
     BH{5} = [0 0 0 0 0 0 0 0 0 0 0 0 0 0 0 0;0 0 0 0 0 0 0 0 2 2 2 2 2 2 2 2;0 0 0 0 2 2 2 2 0 0 0 0 2 2 2 2;0 0 0 0 2 2 2 2 2 2 2 2 0 0 0 0;0 0 2 2 0 0 2 2 0 0 2 2 0 0 2 2;0 0 2 2 0 0 2 2 2 2 0 0 2 2 0 0;0 0 2 2 2 2 0 0 0 0 2 2 2 2 0 0;0 0 2 2 2 2 0 0 2 2 0 0 0 0 2 2;0 2 0 2 0 2 0 2 0 2 0 2 0 2 0 2;0 2 0 2 0 2 0 2 2 0 2 0 2 0 2 0;0 2 0 2 2 0 2 0 0 2 0 2 2 0 2 0;0 2 0 2 2 0 2 0 2 0 2 0 0 2 0 2;0 2 2 0 0 2 2 0 0 2 2 0 2 0 0 2;0 2 2 0 0 2 2 0 2 0 0 2 0 2 2 0;0 2 2 0 2 0 0 2 0 2 2 0 0 2 2 0;0 2 2 0 2 0 0 2 2 0 0 2 2 0 0 2];
     BH{6} = [0 0 0 0 0 0 0 0 0 0 0 0 0 0 0 0;0 0 0 0 0 0 0 0 2 2 2 2 2 2 2 2;0 0 0 0 2 2 2 2 0 0 0 0 2 2 2 2;0 0 0 0 2 2 2 2 2 2 2 2 0 0 0 0;0 0 2 2 0 0 2 2 0 0 2 2 0 0 2 2;0 0 2 2 0 0 2 2 2 2 0 0 2 2 0 0;0 0 2 2 2 2 0 0 0 0 2 2 2 2 0 0;0 0 2 2 2 2 0 0 2 2 0 0 0 0 2 2;0 2 0 2 0 2 0 2 0 2 0 2 0 2 0 2;0 2 0 2 0 2 0 2 2 0 2 0 2 0 2 0;0 2 0 2 2 0 2 0 0 2 0 2 2 0 2 0;0 2 0 2 2 0 2 0 2 0 2 0 0 2 0 2;0 2 2 0 0 2 2 0 0 2 2 0 2 0 0 2;0 2 2 0 0 2 2 0 2 0 0 2 0 2 2 0;0 2 2 0 2 0 0 2 1 3 3 1 1 3 3 1;0 2 2 0 2 0 0 2 3 1 1 3 3 1 1 3];
     BH{7} = [0 0 0 0 0 0 0 0 0 0 0 0 0 0 0 0;0 0 0 0 0 0 0 0 2 2 2 2 2 2 2 2;0 0 0 0 2 2 2 2 0 0 0 0 2 2 2 2;0 0 0 0 2 2 2 2 2 2 2 2 0 0 0 0;0 0 2 2 0 0 2 2 0 0 2 2 0 0 2 2;0 0 2 2 0 0 2 2 2 2 0 0 2 2 0 0;0 0 2 2 2 2 0 0 0 0 2 2 2 2 0 0;0 0 2 2 2 2 0 0 2 2 0 0 0 0 2 2;0 2 0 2 0 2 0 2 0 2 0 2 0 2 0 2;0 2 0 2 0 2 0 2 2 0 2 0 2 0 2 0;0 2 0 2 2 0 2 0 0 2 0 2 2 0 2 0;0 2 0 2 2 0 2 0 2 0 2 0 0 2 0 2;0 2 2 0 0 2 2 0 0 2 2 0 3 1 1 3;0 2 2 0 0 2 2 0 2 0 0 2 1 3 3 1;0 2 2 0 2 0 0 2 0 2 2 0 1 3 3 1;0 2 2 0 2 0 0 2 2 0 0 2 3 1 1 3];
     BH{8} = [0 0 0 0 0 0 0 0 0 0 0 0 0 0 0 0;0 0 0 0 0 0 0 0 2 2 2 2 2 2 2 2;0 0 0 0 2 2 2 2 0 0 0 0 2 2 2 2;0 0 0 0 2 2 2 2 2 2 2 2 0 0 0 0;0 0 2 2 0 0 2 2 0 0 2 2 0 0 2 2;0 0 2 2 0 0 2 2 2 2 0 0 2 2 0 0;0 0 2 2 2 2 0 0 0 0 2 2 2 2 0 0;0 0 2 2 2 2 0 0 2 2 0 0 0 0 2 2;0 2 0 2 0 2 0 2 0 2 0 2 0 2 0 2;0 2 0 2 0 2 0 2 2 0 2 0 2 0 2 0;0 2 0 2 2 0 2 0 0 2 0 2 2 0 2 0;0 2 0 2 2 0 2 0 2 0 2 0 0 2 0 2;0 2 2 0 0 2 2 0 1 3 3 1 1 3 3 1;0 2 2 0 0 2 2 0 3 1 1 3 3 1 1 3;0 2 2 0 2 0 0 2 1 3 3 1 3 1 1 3;0 2 2 0 2 0 0 2 3 1 1 3 1 3 3 1];
     BH{9} = [0 0 0 0 0 0 0 0 0 0 0 0 0 0 0 0;0 0 0 0 0 0 0 0 2 2 2 2 2 2 2 2;0 0 0 0 2 2 2 2 0 0 0 0 2 2 2 2;0 0 0 0 2 2 2 2 2 2 2 2 0 0 0 0;0 0 2 2 0 0 2 2 0 0 2 2 0 0 2 2;0 0 2 2 0 0 2 2 2 2 0 0 2 2 0 0;0 0 2 2 2 2 0 0 0 0 2 2 2 2 0 0;0 0 2 2 2 2 0 0 2 2 0 0 0 0 2 2;0 2 0 2 0 2 0 2 0 2 0 2 0 2 0 2;0 2 0 2 0 2 0 2 2 0 2 0 2 0 2 0;0 2 0 2 2 0 2 0 0 2 0 2 2 0 2 0;0 2 0 2 2 0 2 0 2 0 2 0 0 2 0 2;0 2 2 0 0 2 2 0 1 3 3 1 1 3 3 1;0 2 2 0 1 3 3 1 0 2 2 0 3 1 1 3;0 2 2 0 2 0 0 2 3 1 1 3 1 3 3 1;0 2 2 0 3 1 1 3 2 0 0 2 3 1 1 3];
    BH{10} = [0 0 0 0 0 0 0 0 0 0 0 0 0 0 0 0;0 0 0 0 0 0 0 0 2 2 2 2 2 2 2 2;0 0 0 0 2 2 2 2 0 0 0 0 2 2 2 2;0 0 0 0 2 2 2 2 2 2 2 2 0 0 0 0;0 0 2 2 0 0 2 2 0 0 2 2 0 0 2 2;0 0 2 2 0 0 2 2 2 2 0 0 2 2 0 0;0 0 2 2 2 2 0 0 0 0 2 2 2 2 0 0;0 0 2 2 2 2 0 0 2 2 0 0 0 0 2 2;0 2 0 2 0 2 0 2 0 2 0 2 0 2 0 2;0 2 0 2 0 2 0 2 2 0 2 0 2 0 2 0;0 2 0 2 2 0 2 0 0 2 0 2 2 0 2 0;0 2 0 2 2 0 2 0 2 0 2 0 0 2 0 2;0 2 2 0 0 2 2 0 1 3 3 1 3 1 1 3;0 2 2 0 0 2 2 0 3 1 1 3 1 3 3 1;0 2 2 0 2 0 0 2 1 3 3 1 1 3 3 1;0 2 2 0 2 0 0 2 3 1 1 3 3 1 1 3];
    BH{11} = [0 0 0 0 0 0 0 0 0 0 0 0 0 0 0 0;0 0 0 0 0 0 0 0 2 2 2 2 2 2 2 2;0 0 0 0 2 2 2 2 0 0 0 0 2 2 2 2;0 0 0 0 2 2 2 2 2 2 2 2 0 0 0 0;0 0 2 2 0 0 2 2 0 0 2 2 0 0 2 2;0 0 2 2 0 0 2 2 2 2 0 0 2 2 0 0;0 0 2 2 2 2 0 0 0 0 2 2 2 2 0 0;0 0 2 2 2 2 0 0 2 2 0 0 0 0 2 2;0 2 0 2 0 2 0 2 0 2 0 2 0 2 0 2;0 2 0 2 0 2 0 2 2 0 2 0 2 0 2 0;0 2 0 2 2 0 2 0 0 2 0 2 2 0 2 0;0 2 1 3 2 0 3 1 2 0 3 1 0 2 1 3;0 2 2 0 0 2 2 0 0 2 2 0 0 2 2 0;0 2 2 0 1 3 3 1 3 1 1 3 2 0 0 2;0 2 2 0 3 1 1 3 1 3 3 1 2 0 0 2;0 2 3 1 2 0 1 3 2 0 1 3 0 2 3 1];
    BH{12} = [0 0 0 0 0 0 0 0 0 0 0 0 0 0 0 0;0 0 0 0 0 0 0 0 2 2 2 2 2 2 2 2;0 0 0 0 2 2 2 2 0 0 0 0 2 2 2 2;0 0 0 0 2 2 2 2 2 2 2 2 0 0 0 0;0 0 2 2 0 0 2 2 0 0 2 2 0 0 2 2;0 0 2 2 0 0 2 2 2 2 0 0 2 2 0 0;0 0 2 2 2 2 0 0 0 0 2 2 2 2 0 0;0 0 2 2 2 2 0 0 2 2 0 0 0 0 2 2;0 2 0 2 0 2 0 2 0 2 0 2 0 2 0 2;0 2 0 2 0 2 0 2 2 0 2 0 2 0 2 0;0 2 0 2 2 0 2 0 0 2 0 2 2 0 2 0;0 2 1 3 2 0 3 1 2 0 3 1 1 3 0 2;0 2 2 0 0 2 2 0 0 2 2 0 2 0 0 2;0 2 2 0 0 2 2 0 2 0 0 2 0 2 2 0;0 2 2 0 2 0 0 2 0 2 2 0 0 2 2 0;0 2 3 1 2 0 1 3 2 0 1 3 3 1 0 2];
    BH{13} = [0 0 0 0 0 0 0 0 0 0 0 0 0 0 0 0;0 0 0 0 0 0 0 0 2 2 2 2 2 2 2 2;0 0 0 0 2 2 2 2 0 0 0 0 2 2 2 2;0 0 0 0 2 2 2 2 2 2 2 2 0 0 0 0;0 0 2 2 0 0 2 2 0 0 2 2 0 0 2 2;0 0 2 2 0 0 2 2 2 2 0 0 2 2 0 0;0 0 2 2 2 2 0 0 0 0 2 2 2 2 0 0;0 0 2 2 2 2 0 0 2 2 0 0 0 0 2 2;0 2 0 2 0 2 0 2 0 2 0 2 0 2 0 2;0 2 0 2 0 2 0 2 2 0 2 0 2 0 2 0;0 2 0 2 2 0 2 0 0 2 0 2 2 0 2 0;0 2 1 3 2 0 3 1 2 0 3 1 1 3 0 2;0 2 2 0 0 2 2 0 0 2 2 0 2 0 0 2;0 2 2 0 1 3 3 1 3 1 1 3 0 2 2 0;0 2 2 0 3 1 1 3 1 3 3 1 0 2 2 0;0 2 3 1 2 0 1 3 2 0 1 3 3 1 0 2];
    BH{14} = [0 0 0 0 0 0 0 0 0 0 0 0 0 0 0 0;0 0 0 0 0 0 0 0 2 2 2 2 2 2 2 2;0 0 0 0 2 2 2 2 0 0 0 0 2 2 2 2;0 0 0 0 2 2 2 2 2 2 2 2 0 0 0 0;0 0 2 2 0 0 2 2 0 0 2 2 0 0 2 2;0 0 2 2 0 0 2 2 2 2 0 0 2 2 0 0;0 0 2 2 2 2 0 0 0 0 2 2 2 2 0 0;0 0 2 2 2 2 0 0 2 2 0 0 0 0 2 2;0 2 0 2 0 2 0 2 0 2 0 2 0 2 0 2;0 2 0 2 0 2 0 2 2 0 2 0 2 0 2 0;0 2 0 2 2 0 2 0 0 2 1 3 2 0 3 1;0 2 0 2 2 0 2 0 2 0 3 1 0 2 1 3;0 2 2 0 0 2 2 0 0 2 3 1 2 0 1 3;0 2 2 0 0 2 2 0 2 0 1 3 0 2 3 1;0 2 2 0 2 0 0 2 0 2 2 0 0 2 2 0;0 2 2 0 2 0 0 2 2 0 0 2 2 0 0 2];
