function B = B9q12(j)
% ------------------------------------------------------------------------------
% 2022-11-05 Wojciech Bruzda; name[at]uj.edu.pl : name = w.bruzda
%            https://chaos.if.uj.edu.pl/~karol/hadamard/
%            https://github.com/matrix-toolbox/
% ------------------------------------------------------------------------------
% Taken from Butson Home;
% https://wiki.aalto.fi/display/Butson/Matrices+up+to+monomial+equivalence
% ------------------------------------------------------------------------------

    a = 10;
    b = 11;

    BH{1} = [0 0 0 0 0 0 0 0 0;0 0 0 0 4 6 6 6 8;0 0 4 8 8 0 4 8 4;0 0 8 4 8 6 a 2 4;0 4 8 8 4 0 8 4 0;0 6 0 6 0 6 6 a 2;0 6 4 a 8 6 2 2 a;0 6 8 2 4 a 2 a 6;0 8 4 4 0 2 a 6 8];
    BH{2} = [0 0 0 0 0 0 0 0 0;0 0 0 0 4 6 6 6 8;0 0 4 8 8 0 4 8 4;0 0 8 4 8 6 a 2 4;0 4 8 8 4 0 8 4 0;0 6 0 6 8 4 4 0 a;0 6 4 a 4 8 0 0 6;0 6 8 2 0 8 4 8 2;0 8 4 4 0 2 a 6 8]; 
    BH{3} = [0 0 0 0 0 0 0 0 0;0 0 0 0 4 6 6 6 8;0 0 4 8 8 0 4 8 4;0 0 8 4 8 6 a 2 4;0 4 8 8 4 1 9 5 0;0 6 1 7 1 7 7 b 3;0 6 5 b 9 7 3 3 b;0 6 9 3 5 b 3 b 7;0 8 4 4 0 3 b 7 8]; 
    BH{4} = [0 0 0 0 0 0 0 0 0;0 0 0 0 4 6 6 6 8;0 0 4 8 8 0 4 8 4;0 0 8 4 8 6 a 2 4;0 4 8 8 4 1 9 5 0;0 6 1 7 9 5 5 1 b;0 6 5 b 5 9 1 1 7;0 6 9 3 1 9 5 9 3;0 8 4 4 0 3 b 7 8]; 
    BH{5} = [0 0 0 0 0 0 0 0 0;0 0 0 0 4 6 6 6 8;0 0 4 8 8 0 4 8 4;0 0 8 4 8 6 a 2 4;0 4 8 8 4 2 a 6 0;0 6 2 8 2 8 8 0 4;0 6 6 0 a 8 4 4 0;0 6 a 4 6 0 4 0 8;0 8 4 4 0 4 0 8 8]; 
    BH{6} = [0 0 0 0 0 0 0 0 0;0 0 0 0 4 6 6 6 8;0 0 4 8 8 0 4 8 4;0 0 8 4 8 6 a 2 4;0 4 8 8 4 2 a 6 0;0 6 2 8 a 6 6 2 0;0 6 6 0 6 a 2 2 8;0 6 a 4 2 a 6 a 4;0 8 4 4 0 4 0 8 8]; 
    BH{7} = [0 0 0 0 0 0 0 0 0;0 0 0 0 4 6 6 6 8;0 0 4 8 8 0 4 8 4;0 0 8 4 8 6 a 2 4;0 4 8 8 4 3 b 7 0;0 6 3 9 3 9 9 1 5;0 6 7 1 b 9 5 5 1;0 6 b 5 7 1 5 1 9;0 8 4 4 0 5 1 9 8]; 
    BH{8} = [0 0 0 0 0 0 0 0 0;0 0 0 0 4 6 6 6 8;0 0 4 8 8 0 4 8 4;0 0 8 4 8 6 a 2 4;0 4 8 8 4 3 b 7 0;0 6 3 9 b 7 7 3 1;0 6 7 1 7 b 3 3 9;0 6 b 5 3 b 7 b 5;0 8 4 4 0 5 1 9 8]; 
    BH{9} = [0 0 0 0 0 0 0 0 0;0 0 0 0 4 6 6 6 8;0 0 4 8 8 0 4 8 4;0 0 8 4 8 6 a 2 4;0 4 8 8 4 4 0 8 0;0 6 0 6 4 0 8 0 6;0 6 4 a 0 8 8 4 2;0 6 8 2 8 0 4 4 a;0 8 4 4 0 6 2 a 8]; 
    BH{10} = [0 0 0 0 0 0 0 0 0;0 0 0 0 4 6 6 6 8;0 0 4 8 8 0 4 8 4;0 0 8 4 8 6 a 2 4;0 4 8 8 4 4 0 8 0;0 6 0 6 8 2 6 2 a;0 6 4 a 4 a a 2 6;0 6 8 2 0 a 6 6 2;0 8 4 4 0 6 2 a 8]; 
    BH{11} = [0 0 0 0 0 0 0 0 0;0 0 0 0 4 6 6 6 8;0 0 4 8 8 0 4 8 4;0 0 8 4 8 6 a 2 4;0 4 8 8 4 5 1 9 0;0 6 1 7 5 1 9 1 7;0 6 5 b 1 9 9 5 3;0 6 9 3 9 1 5 5 b;0 8 4 4 0 7 3 b 8]; 
    BH{12} = [0 0 0 0 0 0 0 0 0;0 0 0 0 4 6 6 6 8;0 0 4 8 8 0 4 8 4;0 0 8 4 8 6 a 2 4;0 4 8 8 4 5 1 9 0;0 6 1 7 9 3 7 3 b;0 6 5 b 5 b b 3 7;0 6 9 3 1 b 7 7 3;0 8 4 4 0 7 3 b 8]; 
    BH{13} = [0 0 0 0 0 0 0 0 0;0 0 0 2 4 6 6 8 8;0 0 4 8 0 8 8 4 4;0 4 0 8 8 0 4 4 8;0 4 8 0 8 4 8 0 4;0 4 8 6 0 6 2 8 0;0 8 4 2 8 a 2 8 4;0 8 4 8 4 4 0 0 8;0 8 8 4 4 0 8 4 0]; 
    BH{14} = [0 0 0 0 0 0 0 0 0;0 0 0 2 4 6 6 8 8;0 0 8 6 4 a a 4 4;0 4 4 a 0 6 a 4 8;0 4 8 0 8 8 4 0 4;0 4 8 6 0 2 6 8 0;0 8 0 6 8 6 2 4 0;0 8 4 2 8 2 a 8 4;0 8 4 8 4 0 4 0 8]; 
    BH{15} = [0 0 0 0 0 0 0 0 0;0 0 0 4 4 4 8 8 8;0 0 0 8 8 8 4 4 4;0 4 8 0 4 8 0 4 8;0 4 8 4 8 0 8 0 4;0 4 8 8 0 4 4 8 0;0 8 4 0 8 4 0 8 4;0 8 4 4 0 8 8 4 0;0 8 4 8 4 0 4 0 8]; 
    BH{16} = [0 0 0 0 0 0 0 0 0;0 0 0 4 4 4 8 8 8;0 0 0 8 8 8 4 4 4;0 4 8 0 4 8 0 4 8;0 4 8 4 8 0 8 0 4;0 4 8 8 0 4 4 8 0;0 8 4 0 8 4 1 9 5;0 8 4 4 0 8 9 5 1;0 8 4 8 4 0 5 1 9]; 
    BH{17} = [0 0 0 0 0 0 0 0 0;0 0 0 4 4 4 8 8 8;0 0 0 8 8 8 4 4 4;0 4 8 0 4 8 0 4 8;0 4 8 4 8 0 8 0 4;0 4 8 8 0 4 4 8 0;0 8 4 0 8 4 2 a 6;0 8 4 4 0 8 a 6 2;0 8 4 8 4 0 6 2 a]; 
    BH{18} = [0 0 0 0 0 0 0 0 0;0 0 0 4 4 4 8 8 8;0 0 0 8 8 8 4 4 4;0 4 8 0 4 8 0 4 8;0 4 8 4 8 0 8 0 4;0 4 8 8 0 4 4 8 0;0 8 4 0 8 4 3 b 7;0 8 4 4 0 8 b 7 3;0 8 4 8 4 0 7 3 b]; 
    BH{19} = [0 0 0 0 0 0 0 0 0;0 0 0 4 4 4 8 8 8;0 0 0 8 8 8 4 4 4;0 4 8 0 4 8 0 4 8;0 4 8 4 8 0 8 0 4;0 4 8 8 0 4 4 8 0;0 8 4 0 8 4 4 0 8;0 8 4 4 0 8 0 8 4;0 8 4 8 4 0 8 4 0]; 
    BH{20} = [0 0 0 0 0 0 0 0 0;0 0 0 4 4 4 8 8 8;0 0 0 8 8 8 4 4 4;0 4 8 0 4 8 0 4 8;0 4 8 4 8 0 8 0 4;0 4 8 8 0 4 4 8 0;0 8 4 0 8 4 5 1 9;0 8 4 4 0 8 1 9 5;0 8 4 8 4 0 9 5 1]; 
    BH{21} = [0 0 0 0 0 0 0 0 0;0 0 0 4 4 4 8 8 8;0 0 0 8 8 8 4 4 4;0 4 8 0 4 8 0 4 8;0 4 8 4 8 0 8 0 4;0 4 8 8 0 4 4 8 0;0 8 4 0 8 4 6 2 a;0 8 4 4 0 8 2 a 6;0 8 4 8 4 0 a 6 2]; 
    BH{22} = [0 0 0 0 0 0 0 0 0;0 0 0 4 4 4 8 8 8;0 0 0 8 8 8 4 4 4;0 4 8 0 4 8 0 4 8;0 4 8 4 8 0 8 0 4;0 4 8 8 0 4 4 8 0;0 8 4 0 8 4 a 6 2;0 8 4 4 0 8 6 2 a;0 8 4 8 4 0 2 a 6]; 
    BH{23} = [0 0 0 0 0 0 0 0 0;0 0 0 4 4 4 8 8 8;0 0 0 8 8 8 4 4 4;0 4 8 0 4 8 0 4 8;0 4 8 4 8 0 8 0 4;0 4 8 8 0 4 4 8 0;0 8 4 0 8 4 7 3 b;0 8 4 4 0 8 3 b 7;0 8 4 8 4 0 b 7 3]; 
    BH{24} = [0 0 0 0 0 0 0 0 0;0 0 0 4 4 4 8 8 8;0 0 0 8 8 8 4 4 4;0 4 8 0 4 8 0 4 8;0 4 8 4 8 0 8 0 4;0 4 8 8 0 4 4 8 0;0 8 4 0 8 4 b 7 3;0 8 4 4 0 8 7 3 b;0 8 4 8 4 0 3 b 7]; 
    BH{25} = [0 0 0 0 0 0 0 0 0;0 0 0 4 4 4 8 8 8;0 0 0 8 8 8 4 4 4;0 4 8 0 4 8 0 4 8;0 4 8 4 8 0 8 0 4;0 4 8 8 0 4 4 8 0;0 8 4 0 8 4 8 4 0;0 8 4 4 0 8 4 0 8;0 8 4 8 4 0 0 8 4]; 
    BH{26} = [0 0 0 0 0 0 0 0 0;0 0 0 4 4 4 8 8 8;0 0 0 8 8 8 4 4 4;0 4 8 0 4 8 0 4 8;0 4 8 4 8 0 8 0 4;0 4 8 8 0 4 4 8 0;0 8 4 0 8 4 9 5 1;0 8 4 4 0 8 5 1 9;0 8 4 8 4 0 1 9 5]; 
    BH{27} = [0 0 0 0 0 0 0 0 0;0 0 0 4 4 4 8 8 8;0 0 0 8 8 8 4 4 4;0 4 8 0 4 8 0 4 8;0 4 8 4 8 0 8 0 4;0 4 8 8 0 4 4 8 0;0 8 4 1 9 5 2 a 6;0 8 4 5 1 9 a 6 2;0 8 4 9 5 1 6 2 a]; 
    BH{28} = [0 0 0 0 0 0 0 0 0;0 0 0 4 4 4 8 8 8;0 0 0 8 8 8 4 4 4;0 4 8 0 4 8 0 4 8;0 4 8 4 8 0 8 0 4;0 4 8 8 0 4 4 8 0;0 8 4 1 9 5 3 b 7;0 8 4 5 1 9 b 7 3;0 8 4 9 5 1 7 3 b]; 
    BH{29} = [0 0 0 0 0 0 0 0 0;0 0 0 4 4 4 8 8 8;0 0 0 8 8 8 4 4 4;0 4 8 0 4 8 0 4 8;0 4 8 4 8 0 8 0 4;0 4 8 8 0 4 4 8 0;0 8 4 1 9 5 7 3 b;0 8 4 5 1 9 3 b 7;0 8 4 9 5 1 b 7 3]; 
    BH{30} = [0 0 0 0 0 0 0 0 0;0 0 0 4 4 4 8 8 8;0 0 0 8 8 8 4 4 4;0 4 8 0 4 8 1 5 9;0 4 8 4 8 0 9 1 5;0 4 8 8 0 4 5 9 1;0 8 4 0 8 4 2 a 6;0 8 4 4 0 8 a 6 2;0 8 4 8 4 0 6 2 a]; 
    BH{31} = [0 0 0 0 0 0 0 0 0;0 0 0 4 4 4 8 8 8;0 0 0 8 8 8 4 4 4;0 4 8 0 4 8 1 5 9;0 4 8 4 8 0 9 1 5;0 4 8 8 0 4 5 9 1;0 8 4 0 8 4 3 b 7;0 8 4 4 0 8 b 7 3;0 8 4 8 4 0 7 3 b]; 
    BH{32} = [0 0 0 0 0 0 0 0 0;0 0 0 4 4 4 8 8 8;0 0 0 8 8 8 4 4 4;0 4 8 0 4 8 1 5 9;0 4 8 4 8 0 9 1 5;0 4 8 8 0 4 5 9 1;0 8 4 0 8 4 7 3 b;0 8 4 4 0 8 3 b 7;0 8 4 8 4 0 b 7 3]; 
    BH{33} = [0 0 0 0 0 0 0 0 0;0 0 0 4 4 4 8 8 8;0 0 0 8 8 8 4 4 4;0 4 8 0 4 8 1 5 9;0 4 8 4 8 0 9 1 5;0 4 8 8 0 4 5 9 1;0 8 4 1 9 5 0 8 4;0 8 4 5 1 9 8 4 0;0 8 4 9 5 1 4 0 8]; 
    BH{34} = [0 0 0 0 0 0 0 0 0;0 0 0 4 4 4 8 8 8;0 0 0 8 8 8 4 4 4;0 4 8 0 4 8 1 5 9;0 4 8 4 8 0 9 1 5;0 4 8 8 0 4 5 9 1;0 8 4 1 9 5 1 9 5;0 8 4 5 1 9 9 5 1;0 8 4 9 5 1 5 1 9]; 
    BH{35} = [0 0 0 0 0 0 0 0 0;0 0 0 4 4 4 8 8 8;0 0 0 8 8 8 4 4 4;0 4 8 0 4 8 1 5 9;0 4 8 4 8 0 9 1 5;0 4 8 8 0 4 5 9 1;0 8 4 1 9 5 2 a 6;0 8 4 5 1 9 a 6 2;0 8 4 9 5 1 6 2 a]; 
    BH{36} = [0 0 0 0 0 0 0 0 0;0 0 0 4 4 4 8 8 8;0 0 0 8 8 8 4 4 4;0 4 8 0 4 8 1 5 9;0 4 8 4 8 0 9 1 5;0 4 8 8 0 4 5 9 1;0 8 4 1 9 5 3 b 7;0 8 4 5 1 9 b 7 3;0 8 4 9 5 1 7 3 b]; 
    BH{37} = [0 0 0 0 0 0 0 0 0;0 0 0 4 4 4 8 8 8;0 0 0 8 8 8 4 4 4;0 4 8 0 4 8 1 5 9;0 4 8 4 8 0 9 1 5;0 4 8 8 0 4 5 9 1;0 8 4 1 9 5 4 0 8;0 8 4 5 1 9 0 8 4;0 8 4 9 5 1 8 4 0]; 
    BH{38} = [0 0 0 0 0 0 0 0 0;0 0 0 4 4 4 8 8 8;0 0 0 8 8 8 4 4 4;0 4 8 0 4 8 1 5 9;0 4 8 4 8 0 9 1 5;0 4 8 8 0 4 5 9 1;0 8 4 1 9 5 5 1 9;0 8 4 5 1 9 1 9 5;0 8 4 9 5 1 9 5 1]; 
    BH{39} = [0 0 0 0 0 0 0 0 0;0 0 0 4 4 4 8 8 8;0 0 0 8 8 8 4 4 4;0 4 8 0 4 8 1 5 9;0 4 8 4 8 0 9 1 5;0 4 8 8 0 4 5 9 1;0 8 4 1 9 5 6 2 a;0 8 4 5 1 9 2 a 6;0 8 4 9 5 1 a 6 2]; 
    BH{40} = [0 0 0 0 0 0 0 0 0;0 0 0 4 4 4 8 8 8;0 0 0 8 8 8 4 4 4;0 4 8 0 4 8 1 5 9;0 4 8 4 8 0 9 1 5;0 4 8 8 0 4 5 9 1;0 8 4 1 9 5 a 6 2;0 8 4 5 1 9 6 2 a;0 8 4 9 5 1 2 a 6]; 
    BH{41} = [0 0 0 0 0 0 0 0 0;0 0 0 4 4 4 8 8 8;0 0 0 8 8 8 4 4 4;0 4 8 0 4 8 1 5 9;0 4 8 4 8 0 9 1 5;0 4 8 8 0 4 5 9 1;0 8 4 1 9 5 7 3 b;0 8 4 5 1 9 3 b 7;0 8 4 9 5 1 b 7 3]; 
