function B = B9q15(j)
% ------------------------------------------------------------------------------
% 2022-12-25 Wojciech Bruzda; name[at]uj.edu.pl : name = w.bruzda
%            https://chaos.if.uj.edu.pl/~karol/hadamard/
%            https://github.com/matrix-toolbox/
% ------------------------------------------------------------------------------
% Taken from Butson Home;
% https://wiki.aalto.fi/display/Butson/Matrices+up+to+monomial+equivalence
% ------------------------------------------------------------------------------

	a = 10; % :
	b = 11; % ;
	c = 12; % <
	d = 13; % =
	e = 14; % >

	 BH{1} = [0 0 0 0 0 0 0 0 0;0 0 0 5 5 5 a a a;0 0 0 a a a 5 5 5;0 5 a 0 a 5 0 a 5;0 5 a 5 0 a a 5 0;0 5 a a 5 0 5 0 a;0 a 5 0 5 a a 0 5;0 a 5 5 a 0 5 a 0;0 a 5 a 0 5 0 5 a];
	 BH{2} = [0 0 0 0 0 0 0 0 0;0 0 0 5 5 5 a a a;0 0 0 a a a 5 5 5;0 a 5 0 a 5 0 a 5;0 a 5 5 0 a a 5 0;0 a 5 a 5 0 5 0 a;0 5 a 0 5 a b 1 6;0 5 a 5 a 0 6 b 1;0 5 a a 0 5 1 6 b];
	 BH{3} = [0 0 0 0 0 0 0 0 0;0 0 0 5 5 5 a a a;0 0 0 a a a 5 5 5;0 a 5 0 a 5 0 a 5;0 a 5 5 0 a a 5 0;0 a 5 a 5 0 5 0 a;0 5 a 0 5 a c 2 7;0 5 a 5 a 0 7 c 2;0 5 a a 0 5 2 7 c];
	 BH{4} = [0 0 0 0 0 0 0 0 0;0 0 0 5 5 5 a a a;0 0 0 a a a 5 5 5;0 a 5 0 a 5 0 a 5;0 a 5 5 0 a a 5 0;0 a 5 a 5 0 5 0 a;0 5 a 1 6 b c 2 7;0 5 a 6 b 1 7 c 2;0 5 a b 1 6 2 7 c];
	 BH{5} = [0 0 0 0 0 0 0 0 0;0 0 0 5 5 5 a a a;0 0 0 a a a 5 5 5;0 a 5 0 a 5 0 a 5;0 a 5 5 0 a a 5 0;0 a 5 a 5 0 5 0 a;0 5 a 1 6 b d 3 8;0 5 a 6 b 1 8 d 3;0 5 a b 1 6 3 8 d];
	 BH{6} = [0 0 0 0 0 0 0 0 0;0 0 0 5 5 5 a a a;0 0 0 a a a 5 5 5;0 5 a 0 a 5 1 b 6;0 5 a 5 0 a b 6 1;0 5 a a 5 0 6 1 b;0 a 5 0 5 a b 1 6;0 a 5 5 a 0 6 b 1;0 a 5 a 0 5 1 6 b];
	 BH{7} = [0 0 0 0 0 0 0 0 0;0 0 0 5 5 5 a a a;0 0 0 a a a 5 5 5;0 a 5 0 a 5 1 b 6;0 a 5 5 0 a b 6 1;0 a 5 a 5 0 6 1 b;0 5 a 0 5 a c 2 7;0 5 a 5 a 0 7 c 2;0 5 a a 0 5 2 7 c];
	 BH{8} = [0 0 0 0 0 0 0 0 0;0 0 0 5 5 5 a a a;0 0 0 a a a 5 5 5;0 5 a 0 a 5 2 c 7;0 5 a 5 0 a c 7 2;0 5 a a 5 0 7 2 c;0 a 5 0 5 a c 2 7;0 a 5 5 a 0 7 c 2;0 a 5 a 0 5 2 7 c];
	 BH{9} = [0 0 0 0 0 0 0 0 0;0 0 0 5 5 5 a a a;0 0 0 a a a 5 5 5;0 a 5 0 a 5 2 c 7;0 a 5 5 0 a c 7 2;0 a 5 a 5 0 7 2 c;0 5 a 0 5 a d 3 8;0 5 a 5 a 0 8 d 3;0 5 a a 0 5 3 8 d];
	BH{10} = [0 0 0 0 0 0 0 0 0;0 0 0 5 5 5 a a a;0 0 0 a a a 5 5 5;0 a 5 0 a 5 3 d 8;0 a 5 5 0 a d 8 3;0 a 5 a 5 0 8 3 d;0 5 a 1 6 b c 2 7;0 5 a 6 b 1 7 c 2;0 5 a b 1 6 2 7 c];
	BH{11} = [0 0 0 0 0 0 0 0 0;0 0 0 5 5 5 a a a;0 0 0 a a a 5 5 5;0 a 5 0 a 5 4 e 9;0 a 5 5 0 a e 9 4;0 a 5 a 5 0 9 4 e;0 5 a 1 6 b c 2 7;0 5 a 6 b 1 7 c 2;0 5 a b 1 6 2 7 c];
	BH{12} = [0 0 0 0 0 0 0 0 0;0 0 0 5 5 5 a a a;0 0 0 a a a 5 5 5;0 5 a 0 a 5 5 0 a;0 5 a 5 0 a 0 a 5;0 5 a a 5 0 a 5 0;0 a 5 0 5 a a 0 5;0 a 5 5 a 0 5 a 0;0 a 5 a 0 5 0 5 a];
	BH{13} = [0 0 0 0 0 0 0 0 0;0 0 0 5 5 5 a a a;0 0 0 a a a 5 5 5;0 a 5 0 a 5 5 0 a;0 a 5 5 0 a 0 a 5;0 a 5 a 5 0 a 5 0;0 5 a 0 5 a b 1 6;0 5 a 5 a 0 6 b 1;0 5 a a 0 5 1 6 b];
	BH{14} = [0 0 0 0 0 0 0 0 0;0 0 0 5 5 5 a a a;0 0 0 a a a 5 5 5;0 a 5 0 a 5 5 0 a;0 a 5 5 0 a 0 a 5;0 a 5 a 5 0 a 5 0;0 5 a 0 5 a c 2 7;0 5 a 5 a 0 7 c 2;0 5 a a 0 5 2 7 c];
	BH{15} = [0 0 0 0 0 0 0 0 0;0 0 0 5 5 5 a a a;0 0 0 a a a 5 5 5;0 a 5 0 a 5 5 0 a;0 a 5 5 0 a 0 a 5;0 a 5 a 5 0 a 5 0;0 5 a 1 6 b c 2 7;0 5 a 6 b 1 7 c 2;0 5 a b 1 6 2 7 c];
	BH{16} = [0 0 0 0 0 0 0 0 0;0 0 0 5 5 5 a a a;0 0 0 a a a 5 5 5;0 a 5 0 a 5 5 0 a;0 a 5 5 0 a 0 a 5;0 a 5 a 5 0 a 5 0;0 5 a 1 6 b d 3 8;0 5 a 6 b 1 8 d 3;0 5 a b 1 6 3 8 d];
	BH{17} = [0 0 0 0 0 0 0 0 0;0 0 0 5 5 5 a a a;0 0 0 a a a 5 5 5;0 5 a 0 a 5 a 5 0;0 5 a 5 0 a 5 0 a;0 5 a a 5 0 0 a 5;0 a 5 0 5 a a 0 5;0 a 5 5 a 0 5 a 0;0 a 5 a 0 5 0 5 a];
	BH{18} = [0 0 0 0 0 0 0 0 0;0 0 0 5 5 5 a a a;0 0 0 a a a 5 5 5;0 a 5 0 a 5 a 5 0;0 a 5 5 0 a 5 0 a;0 a 5 a 5 0 0 a 5;0 5 a 0 5 a b 1 6;0 5 a 5 a 0 6 b 1;0 5 a a 0 5 1 6 b];
	BH{19} = [0 0 0 0 0 0 0 0 0;0 0 0 5 5 5 a a a;0 0 0 a a a 5 5 5;0 a 5 0 a 5 a 5 0;0 a 5 5 0 a 5 0 a;0 a 5 a 5 0 0 a 5;0 5 a 0 5 a c 2 7;0 5 a 5 a 0 7 c 2;0 5 a a 0 5 2 7 c];
	BH{20} = [0 0 0 0 0 0 0 0 0;0 0 0 5 5 5 a a a;0 0 0 a a a 5 5 5;0 a 5 0 a 5 a 5 0;0 a 5 5 0 a 5 0 a;0 a 5 a 5 0 0 a 5;0 5 a 1 6 b c 2 7;0 5 a 6 b 1 7 c 2;0 5 a b 1 6 2 7 c];
	BH{21} = [0 0 0 0 0 0 0 0 0;0 0 0 5 5 5 a a a;0 0 0 a a a 5 5 5;0 a 5 0 a 5 a 5 0;0 a 5 5 0 a 5 0 a;0 a 5 a 5 0 0 a 5;0 5 a 1 6 b d 3 8;0 5 a 6 b 1 8 d 3;0 5 a b 1 6 3 8 d];
	BH{22} = [0 0 0 0 0 0 0 0 0;0 0 0 5 5 5 a a a;0 0 0 a a a 5 5 5;0 5 a 0 a 5 6 1 b;0 5 a 5 0 a 1 b 6;0 5 a a 5 0 b 6 1;0 a 5 0 5 a b 1 6;0 a 5 5 a 0 6 b 1;0 a 5 a 0 5 1 6 b];
	BH{23} = [0 0 0 0 0 0 0 0 0;0 0 0 5 5 5 a a a;0 0 0 a a a 5 5 5;0 a 5 0 a 5 6 1 b;0 a 5 5 0 a 1 b 6;0 a 5 a 5 0 b 6 1;0 5 a 0 5 a c 2 7;0 5 a 5 a 0 7 c 2;0 5 a a 0 5 2 7 c];
	BH{24} = [0 0 0 0 0 0 0 0 0;0 0 0 5 5 5 a a a;0 0 0 a a a 5 5 5;0 5 a 0 a 5 b 6 1;0 5 a 5 0 a 6 1 b;0 5 a a 5 0 1 b 6;0 a 5 0 5 a b 1 6;0 a 5 5 a 0 6 b 1;0 a 5 a 0 5 1 6 b];
	BH{25} = [0 0 0 0 0 0 0 0 0;0 0 0 5 5 5 a a a;0 0 0 a a a 5 5 5;0 a 5 0 a 5 b 6 1;0 a 5 5 0 a 6 1 b;0 a 5 a 5 0 1 b 6;0 5 a 0 5 a c 2 7;0 5 a 5 a 0 7 c 2;0 5 a a 0 5 2 7 c];
	BH{26} = [0 0 0 0 0 0 0 0 0;0 0 0 5 5 5 a a a;0 0 0 a a a 5 5 5;0 5 a 0 a 5 7 2 c;0 5 a 5 0 a 2 c 7;0 5 a a 5 0 c 7 2;0 a 5 0 5 a c 2 7;0 a 5 5 a 0 7 c 2;0 a 5 a 0 5 2 7 c];
	BH{27} = [0 0 0 0 0 0 0 0 0;0 0 0 5 5 5 a a a;0 0 0 a a a 5 5 5;0 a 5 0 a 5 7 2 c;0 a 5 5 0 a 2 c 7;0 a 5 a 5 0 c 7 2;0 5 a 0 5 a d 3 8;0 5 a 5 a 0 8 d 3;0 5 a a 0 5 3 8 d];
	BH{28} = [0 0 0 0 0 0 0 0 0;0 0 0 5 5 5 a a a;0 0 0 a a a 5 5 5;0 5 a 0 a 5 c 7 2;0 5 a 5 0 a 7 2 c;0 5 a a 5 0 2 c 7;0 a 5 0 5 a c 2 7;0 a 5 5 a 0 7 c 2;0 a 5 a 0 5 2 7 c];
	BH{29} = [0 0 0 0 0 0 0 0 0;0 0 0 5 5 5 a a a;0 0 0 a a a 5 5 5;0 a 5 0 a 5 c 7 2;0 a 5 5 0 a 7 2 c;0 a 5 a 5 0 2 c 7;0 5 a 0 5 a d 3 8;0 5 a 5 a 0 8 d 3;0 5 a a 0 5 3 8 d];
	BH{30} = [0 0 0 0 0 0 0 0 0;0 0 0 5 5 5 a a a;0 0 0 a a a 5 5 5;0 a 5 0 a 5 8 3 d;0 a 5 5 0 a 3 d 8;0 a 5 a 5 0 d 8 3;0 5 a 1 6 b c 2 7;0 5 a 6 b 1 7 c 2;0 5 a b 1 6 2 7 c];
	BH{31} = [0 0 0 0 0 0 0 0 0;0 0 0 5 5 5 a a a;0 0 0 a a a 5 5 5;0 a 5 0 a 5 d 8 3;0 a 5 5 0 a 8 3 d;0 a 5 a 5 0 3 d 8;0 5 a 1 6 b c 2 7;0 5 a 6 b 1 7 c 2;0 5 a b 1 6 2 7 c];
	BH{32} = [0 0 0 0 0 0 0 0 0;0 0 0 5 5 5 a a a;0 0 0 a a a 5 5 5;0 a 5 0 a 5 9 4 e;0 a 5 5 0 a 4 e 9;0 a 5 a 5 0 e 9 4;0 5 a 1 6 b c 2 7;0 5 a 6 b 1 7 c 2;0 5 a b 1 6 2 7 c];
	BH{33} = [0 0 0 0 0 0 0 0 0;0 0 0 5 5 5 a a a;0 0 0 a a a 5 5 5;0 a 5 0 a 5 e 9 4;0 a 5 5 0 a 9 4 e;0 a 5 a 5 0 4 e 9;0 5 a 1 6 b c 2 7;0 5 a 6 b 1 7 c 2;0 5 a b 1 6 2 7 c];
	BH{34} = [0 0 0 0 0 0 0 0 0;0 0 0 5 5 5 a a a;0 0 0 a a a 5 5 5;0 5 a 1 b 6 0 a 5;0 5 a 6 1 b a 5 0;0 5 a b 6 1 5 0 a;0 a 5 0 5 a b 1 6;0 a 5 5 a 0 6 b 1;0 a 5 a 0 5 1 6 b];
	BH{35} = [0 0 0 0 0 0 0 0 0;0 0 0 5 5 5 a a a;0 0 0 a a a 5 5 5;0 a 5 1 b 6 0 a 5;0 a 5 6 1 b a 5 0;0 a 5 b 6 1 5 0 a;0 5 a 0 5 a c 2 7;0 5 a 5 a 0 7 c 2;0 5 a a 0 5 2 7 c];
	BH{36} = [0 0 0 0 0 0 0 0 0;0 0 0 5 5 5 a a a;0 0 0 a a a 5 5 5;0 a 5 1 b 6 0 a 5;0 a 5 6 1 b a 5 0;0 a 5 b 6 1 5 0 a;0 5 a 0 5 a d 3 8;0 5 a 5 a 0 8 d 3;0 5 a a 0 5 3 8 d];
	BH{37} = [0 0 0 0 0 0 0 0 0;0 0 0 5 5 5 a a a;0 0 0 a a a 5 5 5;0 a 5 1 b 6 0 a 5;0 a 5 6 1 b a 5 0;0 a 5 b 6 1 5 0 a;0 5 a 0 5 a e 4 9;0 5 a 5 a 0 9 e 4;0 5 a a 0 5 4 9 e];
	BH{38} = [0 0 0 0 0 0 0 0 0;0 0 0 5 5 5 a a a;0 0 0 a a a 5 5 5;0 a 5 1 b 6 2 c 7;0 a 5 6 1 b c 7 2;0 a 5 b 6 1 7 2 c;0 5 a 1 6 b d 3 8;0 5 a 6 b 1 8 d 3;0 5 a b 1 6 3 8 d];
	BH{39} = [0 0 0 0 0 0 0 0 0;0 0 0 5 5 5 a a a;0 0 0 a a a 5 5 5;0 5 a 1 b 6 5 0 a;0 5 a 6 1 b 0 a 5;0 5 a b 6 1 a 5 0;0 a 5 0 5 a b 1 6;0 a 5 5 a 0 6 b 1;0 a 5 a 0 5 1 6 b];
	BH{40} = [0 0 0 0 0 0 0 0 0;0 0 0 5 5 5 a a a;0 0 0 a a a 5 5 5;0 a 5 1 b 6 5 0 a;0 a 5 6 1 b 0 a 5;0 a 5 b 6 1 a 5 0;0 5 a 0 5 a c 2 7;0 5 a 5 a 0 7 c 2;0 5 a a 0 5 2 7 c];
	BH{41} = [0 0 0 0 0 0 0 0 0;0 0 0 5 5 5 a a a;0 0 0 a a a 5 5 5;0 a 5 1 b 6 5 0 a;0 a 5 6 1 b 0 a 5;0 a 5 b 6 1 a 5 0;0 5 a 0 5 a d 3 8;0 5 a 5 a 0 8 d 3;0 5 a a 0 5 3 8 d];
	BH{42} = [0 0 0 0 0 0 0 0 0;0 0 0 5 5 5 a a a;0 0 0 a a a 5 5 5;0 a 5 1 b 6 5 0 a;0 a 5 6 1 b 0 a 5;0 a 5 b 6 1 a 5 0;0 5 a 0 5 a e 4 9;0 5 a 5 a 0 9 e 4;0 5 a a 0 5 4 9 e];
