# Created by Octave 5.1.0, Fri Sep 17 16:09:05 2021 GMT <unknown@Ola>
# name: F_norm
# type: scalar
1.7356029691354749e-13


# name: H
# type: complex matrix
# rows: 38
# columns: 38
 (1,0) (1,2.7755575615628914e-17) (1,0) (1,0) (0.99999999999999989,-1.1102230246251565e-16) (0.99999999999999989,0) (1,0) (1,0) (1,0) (0.99999999999999989,-2.7755575615628914e-17) (1,0) (1,2.7755575615628914e-17) (1,0) (1,0) (1,0) (1,-6.9388939039072284e-18) (1,0) (1.0000000000000002,0) (1,0) (1,-2.7755575615628914e-17) (1.0000000000000002,0) (1,-5.5511151231257827e-17) (1,0) (0.99999999999999989,0) (1,1.3877787807814457e-17) (1,0) (0.99999999999999989,0) (1,0) (1,0) (1,5.5511151231257827e-17) (0.99999999999999989,0) (0.99999999999999989,2.7755575615628914e-17) (1,2.7755575615628914e-17) (1,-5.5511151231257827e-17) (1,1.7347234759768071e-18) (1,5.5511151231257827e-17) (1,0) (1,0)
 (1,-5.5511151231257827e-17) (0.12215235797486668,0.99251136086252467) (-0.35549345405145938,0.93467877055519077) (0.87150886682126061,0.49037974576028576) (0.53995376772211601,-0.84169467666291609) (-0.55008307030607195,-0.83510994232055791) (-0.34528421613354887,-0.93849816733387414) (-0.97801450305863136,0.20853688356494249) (-0.73728376425185338,-0.67558319322687277) (-0.28878191521636337,-0.95739490569146524) (0.99071996274366725,0.13591892959109009) (0.96949910558945884,-0.24509484747998789) (-0.0057589386930446129,-0.99998341717506967) (-0.91722045092488114,-0.39838002510813447) (-0.70870710304540896,0.70550282925937591) (-0.37854859492642673,0.92558141796344895) (-0.98909775809510836,0.14726039838065969) (-0.94858920379204026,-0.31650990892732378) (-0.97269231357471209,0.23209839101698876) (0.98565644850171863,0.16876423059102186) (0.73787681361832003,-0.67493541018713421) (0.79072188939672716,-0.61217554151474418) (0.89866764554302381,0.43863021197149432) (-0.72535164946657227,0.68837851841564768) (-0.86866097287971333,-0.49540701871861892) (0.97295076502990729,0.23101257287801319) (0.31102416764801688,0.95040200291185073) (-0.99163968065753627,-0.12903776092842145) (-0.81328486581114667,0.58186572939342718) (0.17145782954339306,0.98519145991440149) (0.97699295896191174,-0.21327155961085742) (-0.92988248804845142,0.36785670908768409) (0.90016790836072458,-0.43554303663068511) (-0.99227468902786531,-0.12406023341366779) (0.89687629976518868,-0.44228147476409541) (-0.26644495138902285,-0.96385013766627692) (0.718977421304271,0.69503342916341859) (0.90789037482528689,0.41920766607923704)
 (1,0) (0.52696932121190021,0.84988430653911284) (-0.9817029629269004,0.19041872959492367) (-0.4290086029576417,0.90330040329246608) (0.60545321090843762,-0.79588090151772195) (-0.90275957116019934,0.43014550640295229) (-0.20182272486221603,0.97942206822655842) (0.83886390217720086,0.54434121066114227) (0.99509318886472597,0.098942131951108458) (-0.016227979321817187,0.99986831767344764) (-0.5556842748658537,-0.83139340066349499) (0.85572342021553038,-0.51743350113288411) (-0.63340758635631178,-0.77381834402285243) (0.028577514713935659,0.99959157942270283) (0.69242264620667382,-0.72149211986004813) (-0.73622640083508784,-0.67673531510732654) (-0.19096253329733603,-0.98159732623752771) (0.9668199092634101,-0.25545892634999212) (0.94115697060344561,-0.33796975705607862) (-0.87890668973960417,0.4769937428635429) (0.53703856407806871,-0.84355769256937352) (-0.25849339736005561,-0.96601302450911908) (0.80370075664664342,-0.59503369128614247) (-0.73998397418895778,0.67262449995782492) (0.78163073862344945,-0.62374144357975725) (-0.94959679836430522,-0.31347395511630821) (0.49316533725198292,0.86993560114133561) (-0.58058281111096977,-0.81420120329221024) (0.60247749701158604,-0.79813586913172507) (-0.94111136325195277,-0.33809673461607215) (0.73101209337713935,0.68236450621084632) (-0.51978434581299005,0.85429750897902079) (-0.3058959915060927,0.95206493601040876) (-0.72563936262715312,0.68807522510700758) (-0.72045883134085653,0.69349770896735285) (-0.91696918078443623,-0.39895804477603708) (0.06614289021233577,-0.9978101613405016) (0.718977421304271,0.69503342916341859)
 (1,-5.5511151231257827e-17) (0.77765336196693768,0.62869328660446167) (-0.5734748821646436,0.81922314391516571) (-0.90151888173982553,0.43273976691144872) (0.9700619040834102,0.24285778193434154) (-0.76445879894259439,0.64467258722489951) (0.99998681914299103,0.0051343490611711062) (-0.69994931282125095,-0.71419252270032774) (-0.85310282183415187,-0.5217428249421423) (-0.82051788083740085,-0.57162085968419785) (0.57769074219893679,0.81625572364158205) (-0.99940585198595633,0.034466549235816601) (-0.96823541077962882,-0.25004037536446633) (0.86475651490350081,0.50219136783894469) (-0.99995597179600959,0.0093837343044999022) (0.92694753530471874,0.37519097376203991) (0.98508223477295553,-0.17208425475539607) (0.59604065024154251,0.80295425975558476) (-0.30484259219236243,0.95240274778343714) (0.58683692427043044,-0.80970514652731596) (0.42211609661861338,0.90654178115267614) (-0.75807274870398089,-0.65216999905882733) (-0.544551934029191,-0.83872712555697571) (0.55986997706376551,0.82858047815684011) (0.5504335658944508,-0.83487896699864128) (0.35407787505118188,-0.93521594212205339) (-0.69317707607405188,-0.72076732806463117) (-0.91471109932556005,-0.40410840720111973) (0.90554435473448247,-0.42425160177483029) (0.95704195922558655,-0.28994945815029849) (-0.80299366546931483,0.59598756129314812) (-0.92331290281223999,0.38404854315624604) (0.62295091171732264,0.7822609293519367) (-0.32707466522276896,-0.94499849913606426) (0.4028642466162965,0.91525974389693576) (0.97281495509726867,-0.23158381450157273) (-0.91696918078443657,-0.39895804477603708) (-0.26644495138902313,-0.96385013766627692)
 (1,0) (-0.98917909088535638,-0.14671307424773294) (-0.2549344145973631,-0.96695834670057068) (-0.17689112928981843,-0.98423042443249709) (-0.92393454059117253,-0.38255060410693253) (0.99772609751410846,-0.067399067792275724) (-0.70849445590124926,0.70571637784395536) (0.064713162752965847,-0.99790390647923) (-0.97225022119357096,-0.23394338500810952) (-0.86500245741564963,-0.50176762416968201) (0.84922910150586084,-0.52802455734137055) (-0.82881406286486392,0.55952412744888713) (-0.97378699303249416,-0.22746184779152187) (-0.80291815468544092,0.59608928599373989) (0.012701021377768795,-0.99991933877486361) (0.79696254900923824,0.60402872073825919) (0.48512634559154671,-0.87444406843033229) (0.40666959979881701,-0.91357530428502187) (0.82358538558141325,-0.56719230659161424) (-0.73233494485190986,-0.68094458551981396) (0.98786094060573348,0.15534079317924321) (-0.67864176083696381,0.73446944146649595) (0.99068795077574334,-0.13615206273780223) (-0.48415139138605573,0.87498424569757005) (0.98128387061458833,0.19256678132962513) (0.46628959373095441,0.88463213528461759) (-0.31015890951578362,0.9506847273665332) (-0.93348463582081442,0.35861739317339691) (-0.064640671816096673,0.99790860480665478) (-0.94250704980719635,0.33418626701846338) (0.23711357625338259,0.97148193599074828) (0.67833577350469243,0.73475205231682761) (-0.54393197605952548,-0.83912931388432654) (0.96148925913637928,-0.27484250865791626) (0.86700091775750343,-0.49830654080359754) (0.40286424661629633,0.91525974389693565) (-0.72045883134085642,0.69349770896735285) (0.8968762997651889,-0.44228147476409552)
