# Created by Octave 5.2.0, Fri Sep 17 21:15:58 2021 CEST <ania@ania-bania>
# name: F_norm
# type: scalar
2.6935487152222781e-13


# name: H
# type: complex matrix
# rows: 45
# columns: 45
 (1,0) (0.99999999999999989,-5.5511151231257827e-17) (1,0) (1,0) (1,5.5511151231257827e-17) (1,0) (1,5.5511151231257827e-17) (1,5.5511151231257827e-17) (0.99999999999999989,0) (0.99999999999999989,-5.5511151231257827e-17) (1,0) (1,0) (0.99999999999999989,0) (1,0) (1,-5.5511151231257827e-17) (0.99999999999999989,0) (0.99999999999999989,-1.1102230246251565e-16) (1,0) (1,2.7755575615628914e-17) (1,0) (1,5.5511151231257827e-17) (1,-5.5511151231257827e-17) (1,0) (1,-2.7755575615628914e-17) (0.99999999999999989,0) (1,-5.5511151231257827e-17) (1,0) (1,0) (1,0) (1,0) (0.99999999999999989,5.5511151231257827e-17) (1,0) (1,0) (1,-5.5511151231257827e-17) (1.0000000000000002,0) (1,0) (0.99999999999999989,5.5511151231257827e-17) (1,0) (1,5.5511151231257827e-17) (1,0) (0.99999999999999989,5.5511151231257827e-17) (1,-5.5511151231257827e-17) (0.99999999999999989,0) (1,0) (0.99999999999999989,-2.7755575615628914e-17)
 (0.99999999999999989,0) (-0.63018352418371781,0.77644621568231476) (0.84140191028160427,-0.54040986794697432) (-0.88506246148622236,-0.46547227550945253) (-0.86886988635058748,-0.49504052419283401) (-0.31947334422977863,0.94759526292961194) (0.25221285982843089,0.96767177975652563) (0.34983784048414202,-0.93681027180822007) (0.94015945237336807,-0.34073480026702041) (-0.49804951580391549,-0.86714859153866197) (0.38418274959289489,-0.92325706870580793) (-0.10018367432261988,0.99496896001795865) (-0.69405083899505382,-0.71992599125900514) (0.32502019385379449,0.94570707599512038) (0.43177718916365881,-0.90198029851983352) (-0.98498257649884524,0.17265376912681521) (-0.74724513139304549,0.66454850357922635) (-0.69116649548992404,-0.72269556212292796) (0.79435022827444102,-0.60746005205308962) (-0.60564011162007314,-0.7957386852458691) (-0.77079892091471369,0.63707850655685472) (0.38689971149818825,0.92212179957021789) (-0.99875304935602582,-0.049923405352983896) (-0.11171042218645078,-0.99374080200770853) (0.0078694261511346175,0.99996903558662786) (0.23267313793763864,0.97255499118674582) (0.99177876923602226,0.12796434227033643) (0.24364069266113941,-0.96986556433332471) (-0.32715963682342575,-0.94496908522637024) (0.92111375834559805,0.38929351932243417) (0.71738878066051692,0.69667304912879779) (0.60542997469137227,-0.79589857754942739) (0.050488891364967037,0.99872462263065087) (0.99288236099788696,-0.11909919067424696) (0.65783751279481439,-0.75315988127351208) (0.64974109310626926,-0.7601555840280787) (-0.97883280883440305,0.20466150676019004) (0.27041937666009774,0.96274262434295621) (-0.98012386197722301,-0.19838652974144277) (0.88926706731502392,0.45738832843540622) (0.33542502819011499,0.94206690339044397) (-0.65153264414533196,0.75862059925432446) (0.13669458194750445,-0.99061324000146278) (-0.9138041386431579,-0.40615513809212783) (-0.65086954415610887,0.75918959192682323)
 (1,-2.7755575615628914e-17) (0.99963714875713172,-0.026936421898839963) (0.82653989835139086,-0.56287813639656681) (0.71420333299472383,0.69993828237868794) (0.28913237765722727,-0.95728912465893945) (-0.99099183453905759,-0.13392230537484628) (0.59600924651006693,0.80297757009427195) (-0.56982887310676666,-0.82176338162141982) (-0.76546698248169986,0.64347517335975013) (0.0069792178443202069,0.99997564496255698) (0.74180288331297606,0.67061798537509854) (-0.2124238301158223,-0.97717762786451656) (-0.98098591117344636,-0.19407895836283778) (-0.97226542974170094,0.2338801704488562) (-0.55910021350572947,-0.82910008518745604) (0.90653670565294719,-0.42212699665373377) (-0.99926489703484045,0.038336217261881578) (-0.58746622438070117,-0.80924868564112185) (0.52600295089608007,0.85048274271064139) (0.42717143418452413,0.90417065082689851) (-0.46107390322798925,-0.88736173895548798) (0.22398561343063023,0.97459245070752765) (-0.49231218833539847,0.87041869764867208) (0.7174028938765975,-0.69665851595848816) (-0.73694717307649582,-0.67595034144126398) (0.81424305265514341,0.58052411767542733) (0.68569487327321921,-0.72788909922241818) (-0.94464180600095271,0.32810342630831768) (0.71449886248889993,0.69963660246021087) (-0.80080335750053955,0.59892736004949998) (0.44563606708751136,-0.89521421777738563) (-0.75684355188766683,-0.65359608166363747) (-0.10871828928138447,-0.99407259975100848) (0.63821248931349761,-0.76986025906281796) (-0.99393765532804224,0.10994515596875332) (-0.65671801084968495,0.75413623054832257) (0.97852771588697829,-0.20611528143496038) (-0.37288896069137956,0.92787597392889887) (-0.7089088539803261,0.70530010403253229) (0.03395515811954497,0.99942335736017129) (0.83879535096066227,-0.54444683781502468) (0.33460176107973927,0.94235962428487829) (0.13756008661669286,-0.99049342378937955) (0.98826296393227919,-0.15276227976757628) (-0.9138041386431579,-0.40615513809212789)
 (1,0) (0.26050669255225145,-0.96547204161253974) (-0.52667973265000922,0.85006379714449376) (0.86182559057917585,-0.50720474309972063) (0.64103525350491342,0.76751143559160806) (-0.98001658934231495,-0.19891577266234117) (0.51317765033775076,0.85828241225940538) (-0.7652501347584284,0.64373304346771432) (0.98035207956906789,0.19725567186928172) (-0.9977008443736235,0.067771860946554519) (-0.99952265241242078,0.030894454428558704) (0.40515741876529471,-0.91424693930001411) (0.17056039764206588,-0.98534722344774472) (0.52605672610103305,0.85044948170003776) (-0.20635375665199124,-0.97847745355506799) (-0.92652389927249867,-0.3762359154531687) (-0.010125845664015365,-0.99994873231060599) (-0.93899281099377441,-0.34393676875555074) (0.99178983826752565,-0.12787852325263405) (0.051886938898829893,0.99865296553492899) (0.99979009623340609,0.020488130065901999) (-0.27258776289165776,0.96213092223549346) (0.55984646051330011,0.82859636775134948) (-0.99988076725601172,0.015441867488371397) (-0.9308898326813857,-0.36530004025515933) (-0.089067391760438486,0.99602560194253653) (-0.94622177309000388,-0.32351871063418958) (0.83457622567636336,0.55089247910621753) (-0.88469249410750228,-0.46617506461612229) (-0.72723546483078072,-0.68638806712555633) (0.95834271454116648,-0.28562080016320363) (0.7687269141244607,0.63957715054611164) (-0.24117191129361032,0.97048241055826812) (0.60244330090006804,0.7981616811151917) (0.54712091728939793,0.83705358362795845) (0.17788164514663918,-0.98405188903833951) (-0.091967887377748692,0.99576197341095152) (-0.78312454061435655,-0.62186490002857731) (-0.16286080716212936,0.9866490548774165) (0.74781408913945679,-0.66390819251197952) (0.70081239108868199,-0.7133456332638225) (-0.2805519287101842,-0.95983884860792912) (-0.81253918154016003,0.58290657781676003) (0.137560086616693,-0.99049342378937966) (0.1366945819475045,-0.99061324000146289)
