# Created by Octave 5.1.0, Fri Sep 17 16:23:47 2021 GMT <unknown@Ola>
# name: F_norm
# type: scalar
1.2982376324396581e-13


# name: H
# type: complex matrix
# rows: 40
# columns: 40
 (1,0) (0.99999999999999989,2.775557561562891e-17) (1,8.3266726846886741e-17) (1,2.7755575615628914e-17) (0.99999999999999989,2.775557561562891e-17) (0.99999999999999989,2.775557561562891e-17) (1,2.7755575615628914e-17) (1,2.7755575615628914e-17) (1,2.7755575615628914e-17) (1,2.7755575615628914e-17) (0.99999999999999989,2.775557561562891e-17) (1.0000000000000002,2.775557561562892e-17) (1,2.7755575615628914e-17) (1,-2.7755575615628914e-17) (1,8.3266726846886741e-17) (1,2.7755575615628914e-17) (1,2.7755575615628914e-17) (0.99999999999999989,5.5511151231257827e-17) (1,5.5511151231257827e-17) (1,2.7755575615628914e-17) (1,-2.7755575615628914e-17) (1,2.7755575615628914e-17) (1,2.7755575615628914e-17) (1,4.163336342344337e-17) (1,-2.7755575615628914e-17) (1,-2.7755575615628914e-17) (1,-2.7755575615628914e-17) (1,2.7755575615628914e-17) (1,8.3266726846886741e-17) (1,2.7755575615628914e-17) (1,8.3266726846886741e-17) (0.99999999999999989,2.775557561562891e-17) (1,8.3266726846886741e-17) (1,2.7755575615628914e-17) (1,-2.7755575615628914e-17) (1,2.7755575615628914e-17) (1,8.3266726846886741e-17) (1,2.7755575615628914e-17) (1,2.7755575615628914e-17) (1,2.7755575615628914e-17)
 (1,-5.5511151231257827e-17) (-0.8223995679282996,0.56891031865430786) (-0.98428947701199609,0.17656224240604679) (0.94747480247637661,0.31983042174307225) (0.40153196736346736,0.91584500827663151) (-0.75956332563818185,0.65043335888118847) (0.86516348381046149,-0.50148992640026724) (-0.36423121708508066,-0.93130855279049229) (-0.87930493029914714,-0.47625921466320426) (0.042839630440787424,0.99908196163462826) (0.46818022825826566,0.88363299727207922) (0.99771781660618475,0.06752154046367187) (-0.56540698623799357,-0.82481206338975765) (0.14204513125071871,-0.98986018239343654) (0.65150673040970697,0.75864285420140409) (-0.32163282693932382,-0.94686447004575036) (0.37676217782643506,-0.92631002442998633) (-0.36235157474838675,-0.9320414884957452) (0.37444649951325071,0.92724852062555141) (-0.052547315669514205,-0.99861843544765816) (-0.72223237202514301,0.69165049034822168) (-0.73832070396145377,0.67444980398978804) (-0.9663647847607798,0.25717523748263921) (0.67607293808195457,-0.7368347049326831) (-0.99341299852121634,0.11458889286962171) (-0.11702583891512336,0.99312887030143893) (-0.44213904356495193,0.89694652357622184) (-0.65078635878752977,-0.75926090062380314) (-0.9433271749637534,0.33186419055828276) (0.77091460387160504,0.63693851629296705) (0.99866632362255769,-0.051629197768363722) (0.88074952581940402,0.47358238224082549) (0.9155396386688065,0.40222775889561824) (0.87503531340243024,-0.48405908761091415) (0.6981736228178651,0.71592848274208121) (0.024869741111479771,-0.99969070015532702) (0.93225978616934313,-0.36178956741660068) (-0.99039803273468419,-0.13824520518002403) (-0.52741590829169105,-0.84960723848190634) (-0.83679952343684905,-0.54750941323036872)
 (1,0) (0.37669981176994932,-0.92633538840556262) (-0.20722580732059837,0.97829313847145338) (0.90841166852847288,-0.41807683561914333) (-0.61865017338373995,-0.78566657239077475) (0.99157064391064853,-0.12956719544167575) (-0.23970653653007382,-0.97084539260623581) (0.9956521937008922,0.093148854950563353) (-0.44017777773061756,-0.89791064365678108) (0.12551033389905883,0.9920923122797326) (0.44513798193454762,-0.89546199084005695) (-0.84095314281542999,-0.54110794818488039) (0.89691309825225496,0.44220684547340589) (0.50812974412285672,-0.86128053683897998) (-0.41174645255949527,0.91129844661596549) (0.045595139805746941,0.99896000081389336) (0.86755071670892603,-0.49734872467699059) (0.84518971445442426,-0.53446641295824027) (-0.23461437359271964,0.97208852256556144) (-0.52697731150909977,0.84987935211690002) (-0.98471470226403313,-0.17417507038912469) (0.49042708218199504,0.87148222991777313) (0.0089057899784531058,0.99996034266607781) (-0.096910771780089028,-0.99529307357832442) (0.048175060050324292,-0.99883890772694051) (0.54545471807097379,0.83814029287113667) (0.99999156089492158,-0.0041083012230325473) (-0.6748590891257672,0.7379466171914737) (-0.99846096789233729,0.055458954150767112) (0.97431361720951959,-0.22519541585054881) (-0.99823138918723364,-0.059448243383008165) (-0.99053660551762002,0.13724880010269899) (-0.94671508115446368,-0.32207228243780567) (-0.78337202541529849,0.62155311100237665) (-0.95917678598418254,0.28280716615576468) (-0.24104298008047459,0.97051444180595481) (0.79843986485938778,0.60207456531838532) (0.68885905339929088,-0.72489530592343654) (-0.83943991159767928,-0.543452513856436) (-0.52741590829169083,-0.84960723848190622)
 (0.99999999999999989,0) (-0.049603709678149525,-0.99876897828585243) (-0.72187074441305632,-0.6920279101022877) (-0.46262276263024382,-0.88655523206191789) (-0.95854074090149044,0.28495551939210079) (-0.68249743159376786,0.73088799132829507) (0.099531292351758505,0.99503443249105128) (-0.059279801699789018,-0.99824140622919133) (0.91080746993627359,-0.41283138532369829) (-0.056876062274569622,0.99838124658876626) (-0.057484570389081315,-0.99834639487864263) (0.46739239552054312,0.88404996952070991) (-0.86462962816536792,-0.50240979896755322) (0.40287445696008739,0.91525524960478377) (-0.36999092252816929,0.92903536921193397) (-0.60715279863313798,0.79458509872256522) (-0.78098638597994907,0.624548048523072) (0.94415570161716444,-0.32949963748659855) (-0.92410101968662917,0.38214827673840474) (-0.67414499986038634,0.73859902461568416) (0.94045689189189663,0.33991298076571491) (0.0095949599491215523,0.99995396731228303) (0.97652156672248247,-0.21541965956213854) (-0.96057696496054734,0.27801419817553158) (-0.94153051872293581,-0.33692771081245182) (-0.66016956985971542,0.75111659483148063) (0.42286692586521968,-0.90619179151507379) (0.98767391674424521,-0.15652550649361233) (0.57511563959521861,0.81807212462776291) (0.92858779947613213,-0.37111278429080596) (-0.2732407773845138,0.96194567288090982) (0.8949830749268024,-0.44610009593651218) (0.73915950099463468,-0.67353042402653429) (0.36923544974673705,-0.9293358825797724) (0.63095651147613252,-0.77581820075702623) (-0.95717669487007306,-0.28950436058478113) (-0.90946128038845686,-0.41578862355070401) (0.97356281018097246,-0.2284194707824338) (0.68885905339929099,-0.72489530592343654) (-0.99039803273468419,-0.13824520518002398)
