# Created by Octave 5.2.0, Fri Sep 17 14:20:46 2021 UTC <root@0x00>
# name: F_norm
# type: scalar
8.4953632425315818e-14


# name: H
# type: complex matrix
# rows: 31
# columns: 31
 (1,0) (1.0000000000000002,-5.5511151231257852e-17) (1.0000000000000004,-1.110223024625157e-16) (1,-5.5511151231257839e-17) (1.0000000000000002,-1.110223024625157e-16) (1.0000000000000002,-1.110223024625157e-16) (1.0000000000000002,-1.110223024625157e-16) (1.0000000000000002,-5.5511151231257852e-17) (1.0000000000000002,-5.5511151231257852e-17) (1,-5.5511151231257839e-17) (1.0000000000000002,-8.3266726846886765e-17) (1.0000000000000002,-6.9388939039072308e-17) (1.0000000000000004,-6.9388939039072321e-17) (1.0000000000000004,-5.5511151231257864e-17) (1.0000000000000002,-5.5511151231257852e-17) (1,-5.5511151231257839e-17) (1.0000000000000002,-5.5511151231257852e-17) (1.0000000000000002,-8.3266726846886765e-17) (1.0000000000000002,-4.1633363423443395e-17) (1.0000000000000004,-1.110223024625157e-16) (1.0000000000000002,-5.5511151231257852e-17) (1.0000000000000002,-5.5511151231257852e-17) (1.0000000000000002,-5.5511151231257852e-17) (1.0000000000000004,-5.204170427930425e-17) (1.0000000000000002,-1.110223024625157e-16) (1.0000000000000002,-5.5511151231257852e-17) (1.0000000000000002,-1.110223024625157e-16) (1.0000000000000002,-5.5511151231257852e-17) (1.0000000000000002,-5.5511151231257852e-17) (1.0000000000000002,-5.5511151231257852e-17) (1.0000000000000002,-4.1633363423443395e-17)
 (1,5.5511151231257827e-17) (-0.82208083430215706,0.56937079471383978) (0.85172987255016208,-0.52398112962747512) (-0.17063104749855035,0.98533499157877691) (0.38976086399921805,0.92091610307051519) (-0.37493292765058805,0.92705194016482084) (-0.99911358354048518,0.042095690811414177) (0.10806051855296189,0.99414431765718247) (-0.20214819741686685,0.97935494397134271) (-0.81965577743737472,-0.57285635766179033) (0.79046192024784012,-0.61251118572487928) (0.98558402228280062,-0.16918668689012129) (-0.49894612548930772,-0.86663300413681976) (-0.96555099757395291,-0.26021389487101615) (0.2024493305313525,0.97929273895368385) (-0.26317363267411042,-0.96474848487318798) (0.23399058021177721,0.97223886384579217) (-0.36183084354500866,-0.93224376675819454) (-0.57049052656686894,-0.82130418183365927) (-0.99259558874493603,-0.1214660331289959) (0.92022828391175571,-0.39138204543492539) (0.91918046068512627,-0.39383661675202197) (0.90017287327540496,-0.43553277513764987) (-0.14267141647715847,0.98977010811622368) (0.35963506251667521,-0.93309304027445594) (-0.99955941205449506,0.029681337120694706) (0.90758862353838687,0.41986056069092303) (0.99977031952418183,0.021431476816011985) (0.53682952030245024,-0.84369074081196471) (-0.96277569459543977,-0.27030161282587423) (-0.95928564656279269,0.28243768923181112)
 (1,-5.5511151231257827e-17) (0.94942211623548156,-0.31400261973897636) (0.64411973066073636,-0.76492468424907079) (-0.093576939071471521,-0.99561205118962626) (0.99835120845059477,0.057400911014012845) (0.96369435033434137,0.26700786343040911) (-0.58797298649576957,0.8088805642066359) (-0.13553580996069575,0.9907724482535325) (0.9280650271804376,0.37241818608195537) (-0.89114914520434418,0.45371048147642268) (0.97202623040924008,0.23487232147786907) (-0.85621220040496737,0.51662430051022978) (0.39498578857223887,0.91868723014199294) (0.027192389825811514,-0.99963021859863865) (-0.33887382144686495,0.94083183042348162) (-0.98314998791671804,0.18280071460297259) (-0.9767290661476481,0.21447687833970225) (-0.94921121235731098,0.31463959435386452) (0.77060926464159973,-0.63730790144837535) (-0.19769107986259471,-0.98026437094426822) (0.99998219114273501,0.0059680312814205938) (-0.8675206542356142,0.49740116050790689) (-0.84238761184863287,0.53887207331977915) (-0.021134244217040632,-0.99977664691738777) (-0.69859023454243407,-0.71552196626095776) (0.5847123031968009,-0.81124073029544874) (0.77128401929836077,0.63649113236161092) (-0.73775400109571299,-0.67506965112295392) (-0.76718580778145806,0.64142492650248017) (0.90300587723634052,-0.4296281946947007) (-0.96277569459543977,-0.27030161282587417)
 (0.99999999999999989,0) (0.63757760215175707,-0.77038613774808784) (-0.41338244524667145,0.91055749624166116) (-0.82666828324131736,-0.56268956759731503) (-0.71944581235005423,0.69454857504135148) (0.16726074028956722,-0.98591269631635592) (0.99896379800397461,-0.045511869632816296) (0.96975473659288158,0.24408144307929383) (0.99783603598681625,0.065751389993805531) (0.75319308879037339,0.65779949148537398) (0.16615761519677719,-0.98609920743915014) (-0.97872920717021838,0.20515637701995915) (-0.97325351669301252,-0.2297337420682567) (0.40457582369323025,0.91450445755225518) (-0.90028656101332372,0.43529772347073431) (-0.98118364770242927,0.19307679684870138) (0.63940250156583567,0.76887218768229115) (-0.7579036032838129,-0.65236655963454504) (-0.93235984755802015,-0.36153162332164718) (0.66527121410247991,-0.74660177583944454) (0.76744170857933247,0.64111872842152706) (-0.7822417985241068,0.62297493420022243) (0.32012317287264358,-0.94737593076347071) (0.64394531871280625,0.76507151725042177) (0.99733415531701219,0.072969737823997433) (-0.88045325705848509,-0.47413295828818441) (-0.70619586374401144,0.70801652666505577) (-0.90574286646592339,-0.42382762987574574) (0.85936548567490811,-0.51136186994214727) (-0.76718580778145795,0.64142492650248017) (0.53682952030245001,-0.84369074081196471)
 (1,0) (-0.92169012751708124,-0.38792693749924911) (0.91027711360187524,-0.41399948846905393) (0.030956040191656375,-0.99952074694608151) (0.93254020418681027,-0.36106615401505421) (0.58156712889965145,-0.81349841707492998) (-0.90443952637999314,0.42660185550643637) (-0.75149292479334351,0.65974114922865446) (-0.99321556563372093,0.11628774734634389) (0.10889421917142533,-0.99405334315168692) (0.48644374404596591,0.87371189981511788) (0.84203731356001299,-0.53941928272229589) (-0.27165840905697619,0.9623937389595969) (0.071565675865544187,0.99743588968810815) (-0.92726781295705496,-0.37439872202484914) (-0.28350041152622768,0.95897211464383025) (0.5426966971341195,-0.83992874395374628) (0.99821069772722837,-0.059794673198538706) (-0.89468314614618305,0.44670131855857204) (0.074927612325515702,0.99718897552630281) (0.97111155964328244,-0.2386259389236462) (0.27204875036482185,0.96228347041032514) (-0.99292209143733257,0.11876750538642417) (0.097500165998609278,0.99523550862609622) (0.78235743578188721,0.62282970600059728) (-0.49976355632825636,-0.86616187157259128) (0.35283192100320615,-0.93568671868376274) (-0.97160615968798847,-0.23660403727823154) (-0.90574286646592339,-0.42382762987574568) (-0.73775400109571299,-0.6750696511229537) (0.99977031952418183,0.021431476816011985)
