# Created by Octave 5.1.0, Fri Sep 17 16:00:09 2021 GMT <unknown@Ola>
# name: F_norm
# type: scalar
1.6631759806636813e-13


# name: H
# type: complex matrix
# rows: 36
# columns: 36
 (1,0) (1,0) (1,0) (0.99999999999999989,-5.5511151231257827e-17) (0.99999999999999989,5.5511151231257827e-17) (1,-5.5511151231257827e-17) (0.99999999999999989,-5.5511151231257827e-17) (1,-5.5511151231257827e-17) (1,0) (0.99999999999999989,0) (1,5.5511151231257827e-17) (1,-5.5511151231257827e-17) (1,0) (1,-5.5511151231257827e-17) (1,6.9388939039072284e-18) (1,0) (1,0) (0.99999999999999989,0) (1,0) (1,0) (1,5.5511151231257827e-17) (1,5.5511151231257827e-17) (1,0) (1.0000000000000002,0) (0.99999999999999989,0) (1,-5.5511151231257827e-17) (1,0) (1,-2.7755575615628914e-17) (1,-5.5511151231257827e-17) (0.99999999999999989,0) (0.99999999999999989,2.7755575615628914e-17) (1,0) (1,-5.5511151231257827e-17) (1,-5.5511151231257827e-17) (1.0000000000000002,0) (0.99999999999999989,-1.3877787807814457e-17)
 (1,0) (0.72092746844909206,-0.69301052317809919) (0.48084017684943298,-0.87680825972809262) (0.90129148089524336,-0.43321318824068467) (-0.95831675517146564,-0.28570788711134965) (0.99308751235904924,-0.11737628719854655) (-0.91254497753028108,0.40897636115582248) (-0.013529294313685995,-0.9999084749092656) (-0.9506008713956412,0.31041582321435751) (-0.13863418416841322,-0.99034365902950972) (0.96327695722936169,-0.26850978319410046) (-0.92663275630587727,0.37596773124960214) (0.44596153674107991,-0.89505212571533166) (0.50503442432190293,0.86309920070050072) (0.67857959911193333,-0.7345268733471142) (0.21983395492844415,0.9755373043920561) (-0.071623752902736149,-0.99743172098150545) (0.69970675826721973,0.71443015924244002) (-0.83427883479019649,0.55134274804436412) (-0.92102616848142604,0.38950070214625415) (0.38938257603505233,0.92107611492227159) (0.33175864591412679,-0.94336429912373976) (-0.257829107936972,-0.96619053560900969) (-0.87730720870914014,0.4799292255603701) (-0.93703795195099204,0.34922754273323137) (0.98258912970787959,-0.18579182484681853) (-0.34980456561536821,0.93682269713892152) (-0.9999860406234532,-0.0052838014940586008) (-0.35524374928480662,-0.9347737044836435) (0.67425221789933276,0.73850114871801609) (-0.99471771475351445,-0.10264827302758267) (0.2793570859870369,-0.96018728303848699) (0.76893844391935018,0.63932282100898552) (0.31297835162341159,0.9497602599683207) (-0.55919318059808931,0.82903738563022134) (-0.28948920570688985,0.95718127843120404)
 (1,0) (-0.87203741875549712,-0.4894392100049294) (-0.84845496862083081,0.52926757526096835) (-0.97130580573374592,0.23783404244960063) (0.43676821482716632,0.89957408061631527) (0.12129619671327099,0.99261635724125297) (0.73973246084918109,0.67290109701650358) (0.74613731949054407,-0.66579208501112774) (0.81221728371046098,-0.58335502401367934) (0.73277465375851891,-0.68047138573865262) (-0.76185712322068344,0.64774510712000311) (0.8139850038821701,0.58088588677548714) (0.97657232612776912,-0.21518943245753933) (-0.35308528563723585,-0.9355911399037885) (-0.077210937337193669,-0.99701477980795794) (0.22845433105256591,-0.97355463052841806) (-0.55388446891106791,-0.83259353534549185) (-0.90878595838871656,-0.41726260536441728) (0.081765254408164345,0.9966516157472316) (-0.95736989391246741,-0.28886482345559311) (-0.45916283365816341,0.88835212173270905) (-0.34804707578997551,-0.93747705733742925) (0.21461792939812147,0.97669808251110146) (0.49319131697662588,-0.86992087275732199) (-0.91317759766293183,-0.40756186662463445) (0.74284992244848458,0.66945798428152348) (0.99241945113029373,-0.1228968389269872) (-0.99762367281183018,-0.068898530067293573) (0.79512410237458386,-0.60644675102024592) (-0.98490418846036609,-0.17310037421457899) (-0.59718012528705666,0.80210716114627334) (0.99574699814445855,0.092129884870760959) (-0.77565217148825649,-0.63116060465269197) (0.99667282712931893,0.081506292162321498) (0.018607113852409318,0.9998268726705053) (-0.55919318059808942,0.82903738563022156)
 (1,0) (-0.97766935641237995,-0.21014906502814196) (0.91323283939053423,0.40743807021276557) (0.99959652362396634,-0.028404048283302841) (-0.51739374818278927,-0.85574745652053374) (0.39652974452664314,-0.91802187430672588) (-0.42091735599801816,0.90709899097046487) (-0.9914080181377013,-0.13080573982923832) (0.99776962388659163,-0.066751611585100845) (-0.2137856865013682,0.97688058648288112) (-0.99908133569804491,0.042854225693741643) (-0.99365856738831093,0.11243954578265336) (-0.88296619030500101,-0.46943658440546832) (0.22902544075923587,-0.97342043716219373) (0.20694554715567853,0.97835246231224615) (-0.77854520305973907,-0.62758853303153084) (0.42105458682081182,0.90703529970842656) (-0.92693903215445128,0.37521198097684566) (-0.67940691357338234,-0.73376170913225569) (-0.47541702266146629,0.87976056661099933) (-0.76462791203536706,0.64447199794594168) (0.21999320114653614,-0.9755014051498333) (0.93550089426170757,0.35332432245112111) (-0.25757277973438097,0.96625890067823084) (0.9071208617148816,-0.42087022018865922) (0.35274907554100732,0.93571795414268055) (0.87881221296275902,0.47716778427246975) (0.65284695079533872,0.75748984074852554) (0.63124886555170778,-0.77558034383272112) (-0.40241354316045957,-0.91545799482064916) (-0.31134322750463878,-0.95029752955955527) (0.32375267044072698,-0.94614174856756894) (0.19127965856695672,-0.98153557868194841) (-0.97396398339031398,0.2267027989647929) (0.99667282712931871,0.081506292162321581) (0.31297835162341153,0.94976025996832036)
 (1,5.5511151231257827e-17) (-0.43255916393917754,-0.90160555105447282) (0.51338864637930537,0.858156219909187) (0.2858750359706192,-0.95826690635166822) (-0.54774324995835477,0.83664647977808271) (-0.94170868198747126,0.33642942539174497) (0.95392833318005921,0.30003455660358924) (0.67373682706118942,-0.7389713714762699) (0.13347897341812032,-0.99105164530171908) (-0.99368484428621073,-0.11220708638890797) (0.9658919466277246,0.25894545263376362) (-0.109759358147345,-0.99395818991498985) (0.78512540384488705,0.61933682293030401) (-0.96172742068414607,-0.27400797124211401) (-0.96227149086689079,0.27209112051812823) (0.11153626453285259,0.99376036432032078) (0.60175942877802646,0.79867740037936619) (0.77786879137156639,0.62842672079578088) (-0.60540211500043373,-0.79591976929399177) (0.67582259484709872,-0.73706432575056469) (-0.40209528948589379,0.91559782556166791) (0.9990392671348699,-0.043823997109128987) (-0.2757406590273288,0.961232068212029) (-0.17792315786387908,0.98404438410863559) (-0.97543920013627283,-0.22026885126478579) (-0.29834170940229254,-0.95445912664237109) (-0.3099898763368405,0.95073985746294976) (-0.7318551136456376,0.68146026489497558) (-0.68615066090123067,-0.72745946316259014) (0.25856659668784943,-0.96599343428268813) (0.99997546539191562,0.0070048993012549188) (-0.2810092790299496,0.95970505109594384) (-0.22715823552478159,-0.97385786233580629) (0.19127965856695678,-0.98153557868194852) (-0.77565217148825638,-0.63116060465269208) (0.76893844391935007,0.63932282100898563)
