# Created by Octave 5.1.0, Fri Sep 17 15:44:32 2021 GMT <unknown@Ola>
# name: F_norm
# type: scalar
2.2803096059564751e-13


# name: H
# type: complex matrix
# rows: 35
# columns: 35
 (1,0) (0.99999999999999989,0) (1,5.5511151231257827e-17) (1,5.5511151231257827e-17) (1,0) (1,0) (1,0) (1,-5.5511151231257827e-17) (1,0) (1,0) (1,6.9388939039072284e-18) (0.99999999999999978,0) (0.99999999999999989,0) (1,-5.5511151231257827e-17) (1,2.7755575615628914e-17) (0.99999999999999989,5.5511151231257827e-17) (1,5.5511151231257827e-17) (1,5.5511151231257827e-17) (1,-5.5511151231257827e-17) (1,0) (1.0000000000000002,0) (1,5.5511151231257827e-17) (1,0) (1,0) (1,0) (1,-5.5511151231257827e-17) (1,0) (1,0) (0.99999999999999989,0) (0.99999999999999989,5.5511151231257827e-17) (1,0) (1,-2.7755575615628914e-17) (1,0) (0.99999999999999989,5.5511151231257827e-17) (1,0)
 (0.99999999999999989,-5.5511151231257827e-17) (0.4651159671978754,0.8852497597049005) (0.97722808934771321,-0.21219156766897457) (0.058019739123601533,0.99831543605817785) (0.99509163880736917,-0.098957720141804595) (-0.5815891631010095,0.81348266445171824) (-0.35147181467484578,0.93619846372933735) (0.80069859148219891,0.599067413233621) (-0.94544474718611637,-0.3257824888145166) (-0.46862314608799721,-0.88339818142816384) (-0.99484141419564243,-0.10144240041133123) (0.92449229162931457,0.3812007380868766) (-0.8889018866878946,0.45809762697780854) (-0.89478558022159915,0.44649609788608158) (-0.43174828525392184,0.90199413422721175) (-0.93823867327230071,0.345988716544678) (0.4485423920542258,-0.89376155798415968) (-0.98467755656403888,0.17438494659538051) (0.99970989918769471,-0.024085627791904207) (0.62347412797414259,-0.78184398171686531) (0.8585488997984998,0.51273169070653868) (-0.062798063374156887,-0.9980262537811595) (0.34644670950077194,-0.9380696549169939) (0.9737889924075247,-0.2274532880965604) (0.14497087608837489,-0.98943592267825442) (-0.40289100282331658,0.91524796631515226) (0.0994404968977326,0.99504351039375716) (-0.99631389296406514,0.085782438102381231) (0.19340077748104684,-0.98111983940277503) (-0.37535205228240071,-0.92688232092719769) (-0.17331673866270747,0.98486613714723803) (-0.52422520167056907,-0.8515796720997113) (-0.96453488008590704,0.26395542255779758) (0.19535156308485346,-0.98073328015332661) (0.87543304704555114,-0.48333940470495729)
 (1,5.5511151231257827e-17) (-0.02069820347739848,0.99978576923899398) (0.19191924387080561,0.98141072127425666) (-0.23050428801557626,0.97307130941490194) (-0.34035367410356782,0.94029749362858661) (-0.85524643983234383,0.51822150394797339) (-0.086399563650556954,-0.99626056601724089) (-0.99789782031150354,0.064806945750819911) (-0.09202551674294196,-0.99575664912075457) (-0.34155696880828396,0.9398610732754582) (-0.11807484189578377,0.99300469873575303) (-0.54267542130644619,-0.83994249035863788) (-0.91320871391179059,-0.407492140826756) (0.90719250411871055,-0.42071577159743201) (0.46890429459032484,-0.88324898104370875) (0.5626625493106977,-0.82668667317381261) (-0.57802531376711275,0.81601883351086357) (-0.71338583061935967,0.70077147250121774) (-0.95381805356943206,-0.30038495415885874) (0.91421062957602817,-0.40523934257448668) (0.98947541462504207,0.14470108449006411) (0.83049147022580594,-0.55703134371611351) (-0.69999456376195668,-0.71414817139281972) (0.58816195053307418,-0.80874317304390808) (0.40820526639582611,-0.91289016890681407) (0.48483467800238367,0.8746058169291604) (-0.68256218276901448,-0.73082752182276001) (0.3135907493060191,-0.94955823515447846) (-0.57549106269990613,0.81780806840757714) (-0.95100809916830342,-0.30916596726724199) (0.95712569301214556,0.28967293241864772) (0.99196447995289616,0.12651668076495032) (0.30930348063927438,0.95096338355608157) (-0.42046740883260758,0.90730764248384466) (0.19535156308485352,-0.98073328015332695)
 (0.99999999999999989,0) (-0.77733276938250373,0.6290896324405032) (-0.92501043157671992,0.37994170799512117) (-0.43297053582052969,-0.90140807357782393) (-0.99800733500766359,0.063098013208825854) (0.69710948682059437,-0.71696468768324118) (0.92783022391070991,-0.37300278229230666) (0.93617392934012145,0.35153715880953079) (-0.070312882329967075,0.99752498644317344) (-0.70078931267170719,-0.71336830546718) (0.96802194296202226,0.25086553757746527) (-0.95146650677440381,-0.30775231353559862) (-0.31903154207804707,0.94774409792902548) (0.23746495415847901,0.971396106408973) (-0.98304278257900046,0.18337635512610451) (-0.99808737552268179,0.06181901667162093) (0.76182186252636619,-0.6477865773361301) (0.97028033898032606,0.24198360231268506) (-0.83994518836853405,-0.54267124535629097) (-0.70974603627447308,-0.70445763818179652) (0.075421305502759273,0.99715175709430526) (0.99348119785930633,-0.11399609423150525) (0.90744137209541498,-0.42017871936783247) (0.3609896799920696,-0.93256981022292562) (0.54605830032304414,-0.83774717704586021) (-0.59602749253264853,0.8029640266819198) (-0.71902275251073133,-0.69498653323060189) (-0.51158602281704935,0.85923206484525039) (0.31170172817418301,-0.95018000013325254) (-0.031806641508990763,0.99949404078059345) (0.95769987729749007,0.28776890906484742) (0.89846491798254946,-0.43904531788257428) (-0.33054411072315076,-0.94379054395890338) (0.30930348063927415,0.95096338355608145) (-0.96453488008590726,0.26395542255779747)
 (1,0) (-0.21495409925514758,-0.97662415248313761) (0.80974566065224518,-0.58678101967843044) (0.17968363489014075,0.98372444889443811) (0.27614881142004205,0.96111489112972182) (-0.73431816960058816,0.67880544030999113) (-0.17231056222284444,-0.98504267427682912) (-0.86421244424910348,-0.50312707262180711) (0.57501603125125389,0.81814214156468978) (-0.98873521121584385,0.14967525547651714) (-0.39655892236196483,-0.91800927070216198) (-0.61233170149227234,-0.79060096594146556) (-0.99458683068474274,-0.10390878802332587) (-0.12862530852423676,0.99169326407263891) (0.88984290472781857,0.45626703245529221) (-0.96361294005825093,0.2673015184249673) (0.62129642444158317,-0.78357562045797746) (0.81802022424723297,-0.57518945811141708) (-0.88353359258468256,-0.46836779433945341) (0.99838259510706728,-0.056852385941814104) (-0.016345945272462831,0.99986639611157546) (-0.99171823435541762,-0.12843264245110597) (-0.48525684728334317,0.87437165562741714) (-0.92261781194608283,0.38571540425529005) (0.70955261034101524,0.70465246267805737) (-0.3063443110070232,-0.95192077564975497) (0.69234652920425321,0.72156516233727797) (-0.58198079924494817,-0.81320252662556924) (-0.5413305116692031,-0.84080989357640046) (0.98019992815760415,0.19801035538533324) (0.8901467691720133,0.45567392873920909) (-0.0072120768489872256,0.99997399263557063) (0.89846491798254935,-0.43904531788257428) (0.99196447995289594,0.12651668076495037) (-0.5242252016705693,-0.85157967209971153)
